F1,1,0,0,0,1,0,1,0,0,0
F2,1,0,0,0,0,0,0,0,0,0
F3,0,0,0,0,0,0,1,0,0,0
F4,1,0,0,0,0,0,1,0,0,0
F5,1,0,0,0,0,0,0,0,0,0
F6,1,0,0,0,0,0,0,1,0,0
F7,1,0,0,0,0,0,0,0,0,0
F8,1,0,0,0,0,0,0,0,0,0
F9,1,0,0,0,0,0,0,1,0,0
F10,1,0,0,0,0,0,0,0,0,0
F11,1,0,0,0,1,0,1,0,0,0
F12,1,1,0,1,1,0,1,0,0,0
F13,1,0,0,0,1,0,1,0,0,0
F14,1,0,0,0,1,0,1,0,0,0
F15,1,0,0,0,1,0,1,0,0,0
F16,1,0,0,0,1,0,1,0,0,0
F17,1,0,0,0,1,0,1,0,0,0
F18,1,0,0,0,1,0,1,0,0,0
F19,1,0,0,0,1,0,1,0,0,0
F20,1,0,0,0,1,0,1,0,0,0
F21,1,0,0,0,1,0,1,0,0,0
F22,0,1,0,0,1,0,0,0,0,0
F23,0,1,0,0,1,0,0,0,0,0
F24,0,1,0,0,1,0,0,0,0,0
F25,1,1,0,1,1,0,1,1,0,0
F26,1,0,0,0,0,0,1,1,0,0
F27,0,1,0,1,0,0,0,0,0,0
F28,0,1,1,0,1,0,0,1,0,0
F29,1,0,0,0,0,0,0,0,0,0
F30,0,0,0,0,0,0,1,0,0,0
F31,1,0,0,0,1,0,0,0,0,0
F32,1,0,0,0,0,0,0,0,0,0
F33,1,0,0,0,0,0,0,0,0,0
F34,1,0,0,0,0,0,0,0,0,0
F35,1,0,0,0,0,0,0,0,0,0
F36,1,0,0,0,0,0,0,0,0,0
F37,1,0,0,0,0,0,0,0,0,0
F38,1,0,0,0,0,0,0,0,0,0
F39,1,0,0,0,0,0,0,0,0,0
F40,1,0,0,0,0,0,1,0,0,0
F41,1,0,0,0,0,0,0,0,0,0
F42,1,0,0,0,1,0,1,0,0,0
F43,1,0,0,0,0,0,0,0,0,0
F44,1,0,0,0,0,0,1,0,0,0
F45,1,1,0,1,1,0,1,0,0,0
F46,1,1,0,1,1,0,1,0,0,0
F47,1,1,0,1,1,0,1,0,0,0
F48,1,1,0,1,1,0,1,0,0,0
F49,1,0,0,0,0,0,1,0,0,0
F50,1,0,0,0,0,0,0,0,0,0
F51,1,0,0,0,0,0,0,0,0,0
F52,0,0,0,0,0,0,1,0,0,0
F53,1,0,0,0,0,0,0,0,0,0
F54,1,0,0,0,0,0,1,0,0,0
F55,1,1,0,0,0,0,0,0,0,0
F56,1,0,0,0,0,0,0,0,0,0
F57,1,0,0,0,0,0,1,0,0,0
F58,1,0,0,0,0,0,0,0,0,0
F59,1,0,1,0,0,0,0,0,0,0
F60,1,0,1,0,0,0,0,0,0,0
F61,1,0,1,0,0,0,0,0,0,0
F62,1,0,1,0,0,0,0,0,0,0
F63,1,0,1,0,0,0,1,0,0,0
F64,1,0,1,0,1,0,1,0,0,0
F65,1,0,0,0,0,0,0,0,0,0
F66,1,0,0,0,0,0,0,0,0,0
F67,1,1,1,0,0,0,0,0,0,1
F68,1,1,1,0,0,0,0,0,1,1
F69,1,0,0,0,0,0,0,0,0,0
F70,1,0,1,0,0,0,0,0,0,0
F71,1,0,0,0,0,0,0,0,0,0
F72,1,0,0,0,0,0,0,0,0,0
F73,1,0,1,0,1,0,1,1,0,0
F74,1,1,0,0,0,0,1,1,0,0
F75,0,0,0,0,0,0,1,0,0,0
F76,1,0,0,0,0,0,0,0,0,0
F77,1,0,0,0,0,0,0,0,0,0
F78,1,0,0,0,0,0,0,0,0,0
F79,1,0,0,0,0,0,0,0,0,0
F80,1,0,0,0,0,0,0,0,0,0
F81,1,0,0,0,0,0,0,0,0,0
F82,1,0,0,0,0,0,0,0,0,0
F83,1,0,0,0,0,0,0,0,0,0
F84,1,0,0,0,0,0,1,0,0,0
F85,1,0,0,0,0,0,0,0,0,0
F86,1,0,0,0,0,0,0,0,0,0
F87,1,0,0,0,0,0,0,0,0,0
F88,1,0,0,0,0,0,1,0,0,0
F89,1,0,0,0,0,0,1,0,0,0
F90,1,0,0,0,0,0,1,0,0,0
F91,1,1,0,1,0,0,0,0,0,0
F92,1,0,0,0,0,0,1,0,0,0
F93,1,0,0,0,0,0,0,0,0,0
F94,1,0,0,0,0,0,0,0,0,0
F95,1,0,0,0,0,0,1,0,0,0
F96,1,0,0,0,1,0,1,0,0,0
F97,1,0,0,0,0,0,0,0,0,0
F98,1,0,0,0,0,0,0,0,0,0
F99,1,0,0,0,0,0,0,0,0,0
F100,1,0,0,0,0,0,0,0,0,0
F101,1,0,0,0,0,0,0,1,0,0
F102,1,0,0,0,1,0,1,1,0,0
F103,1,0,0,0,0,0,0,0,0,0
F104,1,0,0,0,0,0,0,0,0,0
F105,1,1,1,1,1,0,0,0,0,0
F106,1,0,0,0,1,0,0,0,0,0
F107,1,0,0,0,0,0,1,0,0,0
F108,1,0,0,0,0,0,0,0,0,0
F109,1,0,0,0,0,0,0,0,0,0
F110,1,1,1,0,1,0,1,0,0,0
F111,1,0,0,0,0,0,0,0,0,0
F112,1,1,1,1,1,0,1,1,0,0
F113,1,0,0,0,0,0,0,0,0,0
F114,0,0,0,0,0,0,1,0,0,0
F115,1,0,0,0,0,0,0,0,0,0
F116,1,1,0,1,1,1,1,0,1,0
F117,1,0,0,0,0,0,1,0,0,0
F118,1,0,0,0,1,0,1,0,0,0
F119,1,0,0,0,0,0,1,0,0,0
F120,1,0,0,0,0,0,1,0,0,0
F121,1,0,0,0,0,1,1,1,1,0
F122,1,0,0,0,0,0,1,0,0,0
F123,1,1,1,1,0,0,1,0,0,0
F124,1,0,1,0,0,0,1,0,0,0
F125,1,0,1,0,0,0,1,0,0,0
F126,1,1,1,1,0,0,1,0,0,0
F127,1,0,1,0,0,0,1,0,0,0
F128,1,0,0,0,0,0,0,0,0,0
F129,1,0,0,0,0,0,0,0,0,0
F130,1,0,0,0,0,0,0,0,0,0
F131,1,0,0,0,1,0,0,0,0,0
F132,1,0,0,0,0,1,1,0,1,1
F133,1,0,0,0,0,0,0,0,0,0
F134,1,0,0,0,0,0,0,0,0,0
F135,1,0,0,0,0,0,0,0,0,0
F136,1,0,0,0,0,0,0,1,0,0
F137,1,0,1,0,0,0,1,0,0,0
F138,1,0,1,0,0,0,0,1,0,0
F139,1,1,0,0,0,0,1,0,0,0
F140,1,1,0,0,0,0,1,0,0,0
F141,1,0,0,0,0,0,1,0,0,0
F142,1,1,1,1,1,1,1,1,0,1
F143,1,1,0,1,1,0,1,0,0,1
F144,1,1,0,1,1,0,1,0,0,1
F145,1,1,0,1,0,0,1,0,0,0
F146,1,1,0,0,0,0,1,1,0,0
F147,0,1,0,0,0,0,1,0,0,0
F148,1,0,0,0,0,0,0,0,0,0
F149,1,0,0,0,0,0,1,0,0,0
F150,1,0,0,0,0,0,0,0,0,0
F151,1,1,0,0,0,0,1,0,0,0
F152,1,1,0,0,0,0,1,0,0,0
F153,1,0,0,0,0,0,0,0,0,0
F154,0,0,1,0,0,0,1,0,0,0
F155,1,0,1,0,1,0,1,0,0,0
F156,1,0,0,0,0,0,1,0,0,0
F157,1,0,0,0,0,0,1,0,0,0
F158,1,1,0,1,0,1,1,1,1,0
F159,1,0,0,0,0,0,0,0,0,0
F160,1,0,0,0,0,0,0,0,0,0
F161,1,0,0,0,0,0,0,0,0,0
F162,1,0,0,0,1,0,0,0,0,0
F163,1,0,0,0,1,0,0,0,0,0
F164,1,0,0,0,0,0,1,0,0,0
F165,1,0,0,0,1,0,0,0,0,0
F166,1,0,0,0,1,0,0,0,1,0
F167,1,0,0,0,0,0,0,0,0,0
F168,1,0,0,0,0,0,0,0,0,0
F169,1,0,0,0,0,0,0,0,0,0
F170,1,0,0,0,0,0,1,0,0,0
F171,1,0,0,0,0,0,1,0,0,0
F172,1,1,0,1,0,0,0,1,0,0
F173,1,1,0,1,0,0,0,0,0,0
F174,1,0,0,0,0,0,0,0,1,0
F175,1,1,0,1,1,0,0,1,0,0
F176,1,0,0,0,0,0,0,0,0,0
F177,1,1,0,0,0,0,1,0,0,0
F178,1,1,0,0,0,0,1,0,0,0
F179,1,1,0,0,0,0,1,0,0,0
F180,1,1,0,0,0,0,0,0,0,0
F181,1,1,0,0,0,0,1,0,0,0
F182,1,1,0,0,0,0,1,0,0,0
F183,1,1,0,0,0,0,1,0,0,0
F184,1,1,0,0,0,0,1,0,0,0
F185,1,1,0,0,0,0,1,0,0,0
F186,1,0,0,0,0,0,0,0,0,0
F187,1,0,0,0,0,0,0,0,0,0
F188,1,0,0,0,0,0,0,0,0,0
F189,1,0,0,0,0,0,0,0,0,0
F190,1,0,0,0,0,0,1,0,0,0
F191,1,0,0,0,0,0,1,0,0,0
F192,1,0,0,0,1,0,0,0,0,0
F193,1,0,0,0,0,0,0,0,0,0
F194,1,1,1,1,1,0,0,0,0,0
F195,1,1,0,1,0,0,0,0,0,0
F196,1,1,0,1,1,0,0,0,0,0
F197,1,1,0,1,0,0,0,0,0,0
F198,1,1,0,1,1,0,0,0,0,0
F199,1,1,0,1,1,0,0,0,0,0
F200,1,1,0,1,1,0,0,0,0,0
F201,1,0,1,0,1,0,1,0,0,0
F202,1,0,0,1,1,0,1,0,0,0
F203,1,0,0,0,0,0,0,0,0,0
F204,1,0,0,0,0,0,0,0,0,0
F205,1,0,0,0,0,0,0,0,0,0
F206,1,0,0,0,0,0,0,0,0,0
F207,1,1,0,1,0,0,0,0,0,0
F208,1,0,0,1,1,0,1,0,0,0
F209,1,0,0,0,1,0,0,0,0,0
F210,1,0,0,0,1,0,0,0,0,0
F211,1,0,0,0,1,0,0,0,0,0
F212,1,0,0,0,0,0,1,0,0,0
F213,1,0,0,0,0,0,0,0,0,0
F214,1,0,0,0,0,0,0,0,0,0
F215,1,0,0,0,0,0,1,0,0,0
F216,1,0,0,0,0,0,0,0,0,0
F217,1,0,0,0,0,0,1,0,0,0
F218,1,0,0,0,0,0,0,0,0,0
F219,1,1,0,0,0,0,1,0,0,0
F220,1,0,0,0,0,0,0,0,0,0
F221,1,1,0,1,0,0,1,0,0,0
F222,1,1,0,1,0,0,1,0,0,0
F223,1,0,0,0,0,1,0,0,0,0
F224,1,1,0,1,0,0,0,0,0,0
F225,1,0,0,0,0,0,0,0,0,0
F226,1,0,0,0,0,0,0,0,0,0
F227,1,0,0,0,0,0,0,0,0,0
F228,1,1,0,0,1,1,1,0,0,0
F229,1,0,0,0,0,0,1,0,0,0
F230,1,1,0,1,1,1,1,0,1,1
F231,1,0,0,0,0,0,1,0,0,0
F232,1,0,0,0,0,1,0,0,0,0
F233,0,0,0,0,0,0,1,0,0,0
F234,1,0,0,0,0,0,1,0,0,0
F235,1,0,0,0,0,0,0,0,0,0
F236,1,0,0,0,0,0,0,0,0,0
F237,1,0,0,0,0,0,1,0,0,0
F238,1,0,0,0,0,0,0,0,0,0
F239,1,0,0,0,0,0,0,0,0,0
F240,1,0,0,0,0,0,0,0,0,0
F241,1,0,0,0,0,0,0,0,0,0
F242,1,0,0,0,0,0,0,0,0,0
F243,1,0,0,0,0,0,0,0,0,0
F244,1,0,0,0,0,0,1,0,0,0
F245,1,0,0,0,0,0,1,0,0,0
F246,1,0,0,0,0,0,1,0,0,0
F247,1,0,0,0,1,0,1,1,0,0
F248,1,1,1,1,1,1,1,1,1,1
F249,1,0,0,0,0,0,0,0,0,0
F250,1,0,0,0,0,0,0,0,0,0
F251,1,0,0,0,0,0,0,0,0,0
F252,1,0,0,0,0,0,0,0,0,0
F253,1,0,0,0,0,0,0,0,0,0
F254,1,0,0,0,0,0,0,0,0,0
F255,1,0,0,0,0,0,0,0,0,0
F256,1,0,0,0,0,0,0,0,0,0
F257,1,0,0,0,0,0,0,0,0,0
F258,1,0,0,0,0,0,0,0,0,0
F259,1,0,0,0,0,0,0,0,0,0
F260,1,0,0,0,0,0,0,0,0,0
F261,1,1,0,1,0,0,0,0,0,0
F262,1,0,0,0,0,0,0,0,0,0
F263,1,1,0,1,0,0,0,0,0,0
F264,1,0,0,0,0,0,0,0,0,0
F265,1,0,0,0,0,0,0,0,0,0
F266,1,0,0,0,0,0,0,0,0,0
F267,1,1,0,0,0,0,0,0,0,0
F268,1,0,0,0,0,0,0,0,0,0
F269,1,0,0,0,0,0,1,0,0,0
F270,1,0,0,0,1,0,0,0,0,0
F271,1,0,0,0,0,0,0,0,0,0
F272,0,0,0,0,0,0,1,0,0,0
F273,1,0,1,0,0,0,0,0,0,0
F274,1,0,0,0,0,0,0,0,0,0
F275,1,1,0,1,1,0,1,0,0,0
F276,1,0,0,0,0,0,0,0,0,0
F277,1,0,0,0,0,0,0,0,0,0
F278,1,0,0,0,0,0,0,0,0,0
F279,1,0,0,0,1,1,1,0,1,0
F280,1,0,0,0,1,0,1,0,0,0
F281,1,0,0,0,1,0,1,0,0,0
F282,1,0,0,0,0,0,0,0,0,0
F283,1,1,0,1,0,0,1,0,0,0
F284,1,0,0,0,0,0,0,0,0,0
F285,1,0,0,0,0,0,0,0,0,0
F286,1,0,0,0,0,0,0,0,0,0
F287,1,0,0,0,0,0,0,0,0,0
F288,1,0,0,0,0,0,0,0,0,0
F289,1,0,0,0,0,0,0,0,0,0
F290,1,0,0,0,0,0,0,0,0,0
F291,1,1,1,1,1,1,1,0,1,0
F292,1,1,1,0,1,1,1,0,1,0
F293,1,0,0,0,0,0,0,0,0,0
F294,1,0,0,0,0,0,1,0,0,0
F295,1,0,0,0,0,0,0,0,0,0
F296,1,0,0,0,0,0,0,0,0,0
F297,1,0,0,0,0,0,0,0,0,0
F298,1,0,0,0,0,0,1,0,0,0
F299,1,0,0,0,0,0,1,0,0,0
F300,1,0,0,0,0,0,1,0,0,0
F301,1,0,0,0,0,0,1,0,0,0
F302,1,0,0,0,0,0,1,0,0,0
F303,1,0,0,0,0,0,0,0,0,0
F304,1,0,0,0,0,0,1,0,0,0
F305,1,0,0,0,0,0,0,0,0,0
F306,1,1,0,1,0,0,0,0,0,0
F307,1,0,0,0,0,0,1,0,0,0
F308,1,0,0,0,0,0,1,0,0,0
F309,1,0,0,0,0,0,1,0,0,0
F310,1,0,0,0,0,0,1,0,0,0
F311,1,0,0,0,0,0,1,0,0,0
F312,1,0,0,0,0,0,0,0,0,0
F313,1,0,0,0,0,0,1,0,0,0
F314,1,0,0,0,1,0,1,0,0,0
F315,1,0,0,0,0,0,1,0,0,0
F316,1,0,0,0,0,0,1,0,0,0
F317,1,0,0,0,1,0,0,0,0,0
F318,1,0,0,0,0,0,0,0,0,0
F319,1,1,0,1,0,0,1,0,0,0
F320,1,0,0,0,0,0,1,0,0,0
F321,1,0,0,0,0,0,1,0,0,0
F322,1,0,0,0,0,0,1,0,0,0
F323,1,0,0,0,0,0,1,0,0,0
F324,0,0,0,0,0,0,1,0,0,0
F325,1,1,0,1,0,0,0,0,0,0
F326,1,0,0,0,0,0,0,0,0,0
F327,1,0,0,0,0,0,0,0,0,0
F328,1,1,0,1,0,0,0,0,0,0
F329,1,0,0,0,0,0,0,0,0,0
F330,1,0,0,0,0,0,0,0,0,0
F331,1,0,0,0,0,0,0,0,0,0
F332,1,0,0,0,0,0,0,0,0,0
F333,1,0,0,0,0,0,0,0,0,0
F334,1,0,0,0,0,0,0,0,0,0
F335,1,0,0,0,0,0,0,0,0,0
F336,1,0,0,0,0,0,0,0,0,0
F337,1,0,0,0,0,1,0,1,0,0
F338,1,0,0,0,0,0,1,0,0,0
F339,1,0,0,0,0,0,0,0,0,0
F340,1,0,0,0,0,0,0,0,0,0
F341,1,0,0,0,0,0,0,0,0,0
F342,1,0,0,0,1,0,1,0,0,0
F343,1,0,0,0,0,0,1,0,0,0
F344,1,0,1,0,1,0,1,1,0,0
F345,1,0,0,0,0,0,0,0,0,0
F346,1,0,0,0,0,0,0,0,0,0
F347,1,0,0,0,0,0,0,0,0,0
F348,1,0,0,0,0,0,1,0,0,0
F349,1,0,0,0,0,0,0,0,0,0
F350,1,0,0,0,0,0,0,0,0,0
F351,0,0,0,0,0,0,1,0,0,0
F352,1,0,0,0,0,0,1,0,0,0
F353,1,0,0,0,0,0,0,0,0,0
F354,1,0,0,0,0,0,1,0,0,0
F355,1,0,0,0,0,0,1,0,0,0
F356,1,0,0,0,0,0,1,0,0,0
F357,1,1,0,1,0,1,1,0,0,0
F358,0,1,0,0,0,0,1,0,0,0
F359,1,0,0,0,0,0,0,0,0,0
F360,1,0,0,0,0,0,1,0,0,0
F361,1,1,0,1,0,0,1,0,0,0
F362,1,0,0,0,0,0,0,0,0,0
F363,1,1,0,1,1,0,0,0,0,0
F364,1,0,0,0,0,0,0,0,0,0
F365,1,0,0,0,0,0,1,0,0,0
F366,1,0,0,0,0,0,1,0,0,0
F367,1,0,0,0,0,0,0,0,0,0
F368,1,0,0,0,0,0,0,0,0,0
F369,1,0,0,0,0,0,0,0,0,0
F370,1,0,0,0,0,0,1,0,0,0
F371,1,0,0,0,0,0,1,0,0,0
F372,1,0,0,0,0,0,0,0,0,0
F373,1,0,0,0,0,0,0,0,0,0
F374,1,0,0,0,0,0,1,0,0,0
F375,1,1,0,1,1,1,1,0,0,0
F376,1,1,0,0,0,0,1,0,0,0
F377,1,0,0,0,0,0,0,0,0,0
F378,1,0,0,0,0,0,0,0,0,0
F379,1,0,0,0,0,0,1,0,0,0
F380,1,0,0,0,0,0,0,0,0,0
F381,1,0,0,0,0,0,0,0,0,0
F382,1,0,0,0,0,0,0,0,0,0
F383,0,0,0,0,0,0,1,0,0,0
F384,1,0,0,0,0,0,1,0,0,0
F385,1,0,1,0,1,0,0,0,0,0
F386,1,0,0,0,0,0,0,0,0,0
F387,1,0,0,0,0,0,1,0,0,0
F388,1,0,0,0,0,0,1,0,0,0
F389,1,0,0,0,0,0,0,0,0,0
F390,1,0,0,0,1,0,0,0,0,0
F391,0,0,0,0,0,0,1,0,0,0
F392,1,0,0,0,0,0,0,0,0,0
F393,1,1,0,1,1,0,0,0,0,0
F394,1,0,0,0,0,1,0,0,0,0
F395,1,1,0,1,0,0,0,0,0,0
F396,1,0,0,0,0,0,0,0,0,0
F397,1,0,0,0,0,0,0,0,0,0
F398,1,0,0,0,0,0,0,0,0,0
F399,1,0,0,0,0,0,0,0,0,0
F400,1,0,0,0,0,0,1,0,0,0
F401,1,1,0,1,0,1,1,0,0,0
F402,0,0,0,0,1,0,0,0,0,0
F403,1,0,0,0,0,0,0,0,0,0
F404,1,0,0,0,0,0,1,0,0,0
F405,1,0,0,0,0,0,1,0,0,0
F406,1,0,0,0,0,0,0,0,0,0
F407,1,0,0,0,0,0,1,0,0,0
F408,1,1,0,1,0,0,1,0,0,0
F409,1,0,1,0,1,1,1,0,0,0
F410,1,0,0,0,0,0,1,0,0,0
F411,1,0,0,0,0,1,1,0,0,0
F412,1,0,0,0,0,0,0,0,0,0
F413,1,0,0,0,0,0,1,0,0,0
F414,1,0,0,0,0,1,1,0,0,0
F415,1,0,0,0,0,0,1,0,0,0
F416,1,0,0,0,0,0,0,0,0,1
F417,1,0,0,0,0,0,0,0,1,0
F418,1,1,0,1,0,0,1,0,1,1
F419,1,0,0,0,0,0,0,0,0,0
F420,1,0,0,0,0,0,0,0,0,0
F421,1,0,0,0,0,0,0,0,0,0
F422,1,0,0,0,0,0,0,0,0,0
F423,1,0,0,0,0,0,0,0,0,0
F424,1,1,0,1,1,0,1,0,0,0
F425,1,0,0,0,0,0,1,0,0,0
F426,1,0,0,0,0,0,1,0,0,0
F427,1,0,0,0,0,0,0,0,0,0
F428,1,0,0,0,0,0,0,0,0,0
F429,1,0,0,0,0,1,1,0,0,0
F430,1,0,0,0,0,0,0,0,0,0
F431,1,0,0,0,0,0,0,0,0,0
F432,1,0,0,0,1,0,1,0,0,1
F433,1,0,0,0,0,0,0,0,0,0
F434,1,0,0,0,0,0,0,0,0,0
F435,1,0,0,0,0,0,0,0,0,0
F436,1,0,0,0,0,0,0,0,0,0
F437,1,0,0,0,0,0,0,0,0,0
F438,1,0,0,0,0,1,0,1,1,0
F439,1,1,0,0,0,1,1,0,0,0
F440,1,0,0,0,0,0,1,0,0,0
F441,1,0,0,0,0,0,0,0,0,0
F442,1,0,0,0,0,0,0,0,0,0
F443,1,1,0,1,1,0,1,0,0,0
F444,1,0,0,0,0,0,0,0,0,0
F445,1,0,0,0,0,0,1,0,0,0
F446,1,0,0,0,0,1,0,1,0,0
F447,1,0,0,0,0,0,0,0,0,0
F448,1,0,0,0,0,0,0,0,0,0
F449,1,0,0,0,0,0,0,0,0,0
F450,1,0,0,0,0,0,0,0,0,0
F451,1,0,0,0,0,0,0,0,0,0
F452,1,0,0,0,0,0,0,0,0,0
F453,1,0,0,0,0,0,0,0,0,0
F454,1,0,0,0,1,0,1,0,0,0
F455,1,0,0,0,1,0,1,0,0,0
F456,1,0,0,0,0,0,1,0,0,0
F457,1,0,0,0,0,0,1,0,0,0
F458,1,0,0,0,0,0,1,0,0,0
F459,1,0,0,0,0,0,1,0,0,0
F460,1,0,0,0,0,0,0,0,0,0
F461,1,0,0,0,0,0,0,0,0,0
F462,1,0,0,0,0,0,0,0,0,0
F463,1,0,0,0,0,0,0,0,0,0
F464,1,0,0,0,0,0,0,0,0,0
F465,1,0,0,0,0,0,0,0,0,0
F466,1,0,0,0,0,0,1,0,0,0
F467,1,0,0,0,0,0,0,0,0,0
F468,1,0,0,0,0,0,0,0,0,0
F469,1,0,0,0,0,0,0,0,0,0
F470,1,0,0,0,0,0,0,0,0,0
F471,1,0,0,0,0,0,0,0,0,0
F472,1,0,0,0,0,1,0,0,0,0
F473,1,0,0,0,0,1,1,0,0,0
F474,1,0,0,0,0,0,0,0,0,0
F475,0,1,0,1,0,0,0,0,0,0
F476,1,0,0,0,0,0,0,0,0,0
F477,1,0,0,0,0,0,0,0,0,0
F478,1,0,0,0,0,0,1,0,0,0
F479,1,0,0,0,0,0,0,0,0,0
F480,1,0,0,0,0,0,1,0,0,0
F481,1,0,0,0,0,0,0,0,0,0
F482,1,1,0,1,0,0,1,0,0,0
F483,1,0,0,0,0,0,1,0,0,0
F484,1,0,0,0,1,1,1,0,0,0
F485,1,0,0,0,1,1,1,0,0,0
F486,1,0,0,0,0,0,0,0,0,0
F487,1,0,0,0,1,0,0,0,1,0
F488,1,0,0,0,0,0,0,0,0,0
F489,1,0,0,0,0,0,0,0,0,0
F490,1,0,0,0,0,0,0,1,0,0
F491,1,0,0,0,0,0,0,0,0,0
F492,1,0,0,0,0,0,0,0,0,0
F493,1,0,0,0,0,0,0,0,0,0
F494,1,0,0,0,0,0,0,0,0,0
F495,1,0,0,0,0,0,0,0,0,0
F496,1,0,0,0,0,0,0,0,0,0
F497,1,0,0,0,0,0,0,0,0,0
F498,1,0,0,0,0,0,0,0,0,0
F499,1,0,0,0,0,0,0,0,0,0
F500,1,0,0,0,0,0,0,0,0,0
F501,1,0,0,0,0,0,0,0,0,0
F502,1,0,0,0,0,0,0,0,0,0
F503,1,1,0,1,1,0,0,0,0,0
F504,1,0,0,0,0,0,0,0,0,0
F505,1,0,0,0,1,0,0,0,0,0
F506,0,0,0,0,0,0,1,0,0,0
F507,1,0,0,0,0,0,1,0,0,0
F508,1,0,0,0,0,0,1,0,0,0
F509,1,0,0,0,0,0,0,0,0,0
F510,1,0,0,0,0,0,0,0,0,0
F511,1,0,0,0,0,0,1,0,0,0
F512,1,0,0,0,0,0,0,0,0,0
F513,1,0,0,0,0,0,0,0,0,0
F514,1,0,0,0,0,0,1,0,0,0
F515,1,0,0,0,0,0,0,0,0,0
F516,1,0,0,0,0,0,0,0,0,0
F517,1,0,0,0,0,0,0,0,0,0
F518,1,0,0,0,0,0,0,0,0,0
F519,1,0,0,0,0,0,1,0,0,0
F520,1,0,0,0,0,0,1,0,0,0
F521,1,0,0,0,0,0,1,0,0,0
F522,1,1,0,1,0,0,0,0,0,0
F523,0,0,1,0,0,0,1,0,0,0
F524,1,0,0,0,0,0,0,0,0,0
F525,1,0,0,0,0,1,0,0,0,0
F526,1,0,0,0,0,0,0,0,0,1
F527,1,0,0,0,0,0,0,0,0,0
F528,1,1,0,0,0,0,0,1,0,0
F529,1,0,0,0,0,0,1,1,0,0
F530,1,0,0,0,0,1,0,0,0,0
F531,1,0,0,0,0,0,0,0,0,0
F532,1,0,0,0,0,0,0,1,0,0
F533,1,0,0,0,0,0,0,0,0,0
F534,1,0,0,0,0,0,0,0,0,0
F535,1,0,1,0,0,1,1,0,0,0
F536,1,0,0,0,0,0,1,0,0,0
F537,1,0,0,0,0,0,1,0,0,0
F538,1,0,0,0,0,0,0,0,0,0
F539,1,0,0,0,0,0,0,0,0,0
F540,1,0,0,0,0,0,0,0,0,0
F541,1,0,0,0,0,0,1,0,0,0
F542,1,0,0,0,0,0,0,0,0,0
F543,1,0,0,0,0,0,0,0,0,0
F544,1,0,0,0,0,0,0,0,0,0
F545,1,0,0,0,0,0,0,0,0,0
F546,1,0,0,0,0,0,0,0,0,0
F547,1,0,0,0,0,0,0,0,0,0
F548,1,0,0,0,0,0,0,0,0,0
F549,1,1,0,1,0,0,0,0,0,0
F550,1,0,0,0,0,0,0,0,0,0
F551,1,1,0,1,1,0,0,0,0,0
F552,1,0,0,0,0,0,0,0,0,0
F553,1,0,0,0,0,0,0,0,0,0
F554,1,0,0,0,0,0,0,0,0,0
F555,1,0,0,0,0,0,0,0,0,0
F556,0,0,0,0,0,0,1,0,0,0
F557,1,0,0,0,0,0,1,0,0,0
F558,1,0,1,0,1,0,1,0,0,0
F559,1,1,0,1,0,0,1,0,0,0
F560,1,1,0,1,0,0,1,0,0,0
F561,1,0,0,0,0,0,1,0,0,0
F562,1,0,0,0,0,0,1,1,0,0
F563,1,1,0,1,0,0,0,0,0,0
F564,0,1,0,1,0,0,0,0,0,0
F565,1,0,0,0,0,0,1,0,0,0
F566,1,0,0,0,0,0,0,0,0,0
F567,1,0,0,0,0,0,0,0,0,0
F568,1,0,0,0,0,0,0,0,0,0
F569,1,0,0,0,0,0,1,0,0,0
F570,0,0,0,0,0,0,1,0,0,0
F571,1,0,0,0,0,0,1,0,0,0
F572,1,0,0,0,0,0,0,0,0,0
F573,1,0,0,0,0,0,0,0,0,0
F574,1,1,0,0,0,0,0,0,0,0
F575,1,0,0,0,0,0,0,0,0,0
F576,1,1,0,0,0,0,0,0,0,0
F577,1,0,0,0,0,0,0,0,0,0
F578,0,0,0,0,0,0,1,0,0,0
F579,1,0,0,0,0,0,1,0,0,0
F580,1,0,0,0,0,0,1,0,0,0
F581,1,0,0,0,0,0,0,0,0,0
F582,1,0,0,0,0,0,0,0,0,0
F583,1,0,0,0,0,0,1,0,0,0
F584,1,0,0,0,0,0,1,0,0,0
F585,1,0,0,0,0,0,1,0,0,0
F586,1,0,0,0,0,0,0,0,0,0
F587,1,0,1,0,0,0,0,0,0,0
F588,1,0,1,0,0,0,0,0,0,0
F589,1,1,0,1,0,0,0,0,0,1
F590,1,0,0,0,0,0,0,0,0,0
F591,1,0,0,0,0,0,0,0,0,0
F592,1,0,0,0,0,0,0,0,0,0
F593,1,0,0,0,0,0,0,0,0,0
F594,1,0,0,0,0,0,0,0,0,0
F595,1,0,0,0,1,0,0,0,0,0
F596,1,1,0,0,0,0,0,0,0,0
F597,1,0,0,0,0,0,0,0,0,0
F598,1,0,0,0,0,0,0,0,0,0
F599,1,0,0,0,0,0,0,0,0,0
F600,1,0,0,0,0,0,0,0,0,0
F601,1,0,0,0,0,0,1,0,0,0
F602,1,0,0,0,0,1,1,0,0,0
F603,1,0,0,0,1,0,0,0,0,0
F604,1,0,0,0,0,1,0,0,0,0
F605,1,0,0,0,0,1,1,0,0,0
F606,1,0,0,0,0,1,1,0,0,0
F607,1,0,0,0,0,1,0,0,0,0
F608,1,0,0,0,0,0,1,0,0,0
F609,1,0,0,0,0,1,1,0,0,0
F610,1,0,0,0,0,1,1,0,0,0
F611,1,0,0,0,0,1,0,0,0,0
F612,1,0,0,0,0,1,1,0,0,0
F613,1,0,0,0,0,1,1,0,0,0
F614,1,0,0,0,0,1,1,0,0,0
F615,1,0,0,0,0,1,1,0,0,0
F616,1,0,0,0,0,0,0,0,0,0
F617,1,0,0,0,0,0,0,0,0,0
F618,0,0,0,0,0,0,1,0,0,0
F619,1,0,0,0,0,0,1,0,0,0
F620,1,0,0,0,0,0,0,0,0,0
F621,1,0,0,0,0,0,1,0,0,0
F622,1,0,0,0,0,0,0,0,0,0
F623,1,0,0,0,0,0,1,0,0,0
F624,1,1,0,0,1,0,0,0,0,0
F625,1,0,0,0,1,0,0,0,0,0
F626,1,0,0,0,0,0,1,0,0,0
F627,1,0,0,0,0,0,0,0,0,0
F628,0,0,0,0,0,0,1,0,0,0
F629,1,0,0,0,0,0,0,0,0,0
F630,1,0,0,0,0,0,0,0,0,0
F631,1,0,0,0,0,0,0,0,0,0
F632,1,0,0,0,0,0,1,0,0,0
F633,1,0,0,0,1,1,1,0,0,0
F634,1,0,0,0,0,0,0,0,0,0
F635,1,0,0,0,0,0,1,0,0,0
F636,1,0,0,0,0,1,1,0,0,0
F637,1,0,0,0,0,0,0,0,0,0
F638,1,0,0,0,0,0,0,0,0,0
F639,1,0,0,0,0,0,1,0,0,0
F640,1,0,0,0,0,0,0,0,0,0
F641,1,0,0,0,0,0,1,0,0,0
F642,1,1,0,0,1,0,1,0,0,0
F643,0,0,0,0,0,0,1,0,0,0
F644,1,0,0,0,0,0,1,0,0,0
F645,1,0,0,0,0,0,1,0,0,0
F646,1,0,0,0,0,0,1,0,0,0
F647,1,0,0,0,0,0,1,0,0,0
F648,1,0,0,0,0,0,1,0,0,0
F649,1,0,0,0,0,0,1,0,0,0
F650,1,0,0,0,0,0,0,0,0,0
F651,1,0,0,0,0,0,0,0,0,0
F652,1,0,0,0,0,0,0,0,0,0
F653,1,0,0,0,0,0,0,0,0,0
F654,1,1,0,0,0,0,0,0,0,0
F655,1,0,0,0,0,0,0,0,0,0
F656,1,0,0,0,0,0,0,0,0,0
F657,1,0,0,0,0,0,0,0,0,0
F658,1,0,0,0,0,0,0,0,0,0
F659,1,0,0,0,0,0,0,0,0,0
F660,1,0,0,0,0,0,0,0,0,0
F661,1,0,0,0,0,0,0,0,0,0
F662,1,0,0,0,0,0,0,0,0,0
F663,1,0,0,0,0,0,1,0,0,0
F664,1,0,0,0,0,0,1,0,0,1
F665,1,0,0,0,0,0,0,0,0,0
F666,1,0,0,0,1,0,1,0,0,0
F667,1,0,0,0,1,0,1,0,0,0
F668,1,0,0,0,0,0,0,0,0,0
F669,1,0,0,0,0,0,0,0,0,0
F670,1,0,0,0,0,0,1,0,0,0
F671,1,0,0,0,0,0,0,0,0,0
F672,1,0,0,0,0,0,0,0,0,0
F673,1,0,0,0,1,1,1,0,1,0
F674,1,0,0,0,0,0,0,0,0,0
F675,1,0,0,0,0,1,0,0,0,0
F676,1,0,0,0,0,1,0,0,0,0
F677,1,0,0,0,0,0,0,0,0,0
F678,1,0,0,0,1,0,1,0,0,0
F679,1,0,0,0,0,0,1,0,0,0
F680,1,0,0,0,0,0,1,0,0,0
F681,1,0,0,0,0,0,1,0,0,0
F682,1,0,0,0,0,0,1,0,0,0
F683,1,0,0,0,0,0,1,0,0,0
F684,1,0,0,0,0,0,1,0,0,0
F685,0,0,0,0,0,0,1,0,0,0
F686,1,0,0,0,0,0,1,0,0,0
F687,1,0,0,0,0,0,0,0,0,0
F688,1,0,0,0,0,0,0,0,0,0
F689,1,0,0,0,0,0,1,0,0,0
F690,1,0,0,0,0,0,0,0,0,0
F691,1,0,0,0,0,0,0,0,0,0
F692,1,1,1,0,0,0,1,0,0,0
F693,1,0,0,0,0,0,1,0,0,0
F694,1,0,0,0,0,0,1,0,0,0
F695,1,0,0,0,0,0,0,0,0,0
F696,0,0,0,0,0,0,1,0,0,0
F697,1,0,0,0,0,0,1,0,0,0
F698,1,0,0,0,0,0,1,0,0,0
F699,1,0,0,0,0,0,1,0,0,0
F700,0,0,0,0,0,0,1,0,0,0
F701,0,0,0,0,0,0,1,0,0,0
F702,0,0,0,0,0,0,1,0,0,0
F703,0,0,0,0,0,0,1,0,0,0
F704,1,0,0,0,0,0,0,0,0,0
F705,1,0,0,0,0,0,0,0,0,0
F706,1,1,0,0,0,0,0,0,0,0
F707,1,0,1,0,0,0,0,0,0,0
F708,1,0,0,0,0,0,0,0,0,0
F709,1,0,0,0,0,0,0,0,0,0
F710,1,0,1,0,0,0,0,0,0,0
F711,0,0,1,0,0,0,0,0,0,0
F712,1,0,0,0,0,0,0,0,0,0
F713,1,0,0,0,1,0,1,0,0,0
F714,1,0,0,0,0,0,0,0,0,0
F715,1,0,0,0,0,0,0,0,0,0
F716,1,0,0,0,1,0,1,0,0,0
F717,1,0,0,0,0,0,0,0,0,0
F718,0,0,0,0,0,0,1,0,0,0
F719,0,0,0,0,1,0,1,0,0,0
F720,0,0,0,0,0,0,1,0,0,0
F721,0,0,0,0,0,0,1,0,0,0
F722,0,0,0,0,0,0,1,0,0,0
F723,0,0,0,0,1,0,1,0,0,0
F724,0,0,0,0,0,0,1,0,0,0
F725,1,0,0,0,0,0,1,0,0,0
F726,1,0,0,0,0,0,0,0,0,0
F727,1,0,0,0,0,0,1,0,0,0
F728,1,0,0,0,0,0,1,0,0,0
F729,1,0,0,0,0,0,1,0,0,0
F730,1,0,0,0,0,0,1,0,0,0
F731,1,0,0,0,0,0,0,0,0,0
F732,1,0,0,0,0,0,0,0,0,0
F733,1,0,0,0,0,0,0,0,0,0
F734,1,0,0,0,0,0,0,0,0,0
F735,1,0,0,0,0,0,0,0,0,0
F736,1,0,0,0,0,0,0,0,0,0
F737,1,0,0,0,0,0,0,0,0,0
F738,1,0,0,0,0,0,1,0,0,0
F739,1,0,0,0,0,0,1,0,0,0
F740,1,0,0,0,0,0,1,0,0,0
F741,1,1,0,0,0,0,1,0,0,0
F742,1,0,0,0,0,0,1,0,0,0
F743,1,0,0,0,0,0,1,0,0,0
F744,1,0,0,0,0,0,1,0,0,0
F745,1,0,0,0,0,0,0,0,0,0
F746,0,1,0,1,0,0,0,0,0,0
F747,0,1,0,1,0,0,0,0,0,0
F748,0,1,0,1,0,0,0,0,0,0
F749,0,1,0,1,0,0,0,0,0,0
F750,0,0,0,0,1,0,0,0,0,0
F751,0,1,0,1,0,0,0,0,0,0
F752,0,0,0,0,1,0,0,0,0,0
F753,0,1,0,1,0,0,0,0,0,0
F754,1,0,1,0,1,0,1,0,0,0
F755,1,0,1,0,0,0,1,0,0,0
F756,0,0,1,0,0,0,0,0,0,0
F757,0,0,1,0,0,0,0,0,0,0
F758,0,1,0,1,0,0,0,0,0,0
F759,1,1,1,0,0,0,1,0,0,0
F760,0,0,1,0,0,0,0,0,0,0
F761,0,0,1,0,0,0,0,0,0,0
F762,0,1,0,1,0,0,0,0,0,0
F763,0,1,0,1,0,0,0,0,0,0
F764,0,1,0,1,0,0,0,0,0,0
F765,0,1,0,1,0,0,0,0,0,0
F766,0,1,0,1,0,0,0,0,0,0
F767,0,1,1,1,0,0,1,0,0,0
F768,0,1,1,1,0,0,0,0,0,0
F769,0,1,0,1,0,0,0,0,0,0
F770,0,0,1,0,0,0,0,0,0,0
F771,0,0,1,0,0,0,0,0,0,0
F772,1,0,0,0,0,0,1,0,0,0
F773,0,1,0,1,0,0,0,0,0,0
F774,0,1,0,1,0,0,0,0,0,0
F775,0,1,0,1,0,0,0,0,0,0
F776,1,0,0,0,0,0,0,0,0,0
F777,0,0,0,0,1,0,0,0,0,0
F778,0,0,0,0,1,0,0,0,0,0
F779,0,0,0,0,1,0,0,0,0,0
F780,1,0,0,0,0,0,0,0,0,0
F781,1,0,0,0,0,0,0,0,0,0
F782,1,0,0,0,0,0,0,0,0,0
F783,1,0,0,0,0,1,0,0,0,0
F784,1,1,0,1,0,0,1,0,0,0
F785,0,1,0,1,0,0,0,0,0,0
F786,0,1,0,1,0,0,0,0,0,0
F787,1,0,0,0,0,0,0,0,0,0
F788,1,0,0,0,0,0,0,0,0,0
F789,1,0,0,0,0,0,0,0,0,0
F790,0,0,0,0,0,0,1,0,0,0
F791,1,0,0,0,0,0,0,0,0,0
F792,1,0,0,0,0,0,0,0,0,0
F793,1,0,0,0,0,0,1,0,0,0
F794,1,0,0,0,0,1,0,0,0,0
F795,1,0,0,0,0,0,0,0,0,0
F796,1,0,0,0,0,0,0,0,0,0
F797,1,0,0,0,0,0,0,0,0,0
F798,1,0,1,0,0,0,1,0,0,0
F799,1,0,0,0,0,0,0,0,0,0
F800,1,0,0,0,0,0,1,0,0,0
F801,1,0,1,0,1,0,1,1,0,1
F802,0,0,0,0,0,0,1,0,0,0
F803,0,0,0,0,0,0,1,0,0,0
F804,0,0,0,0,0,0,1,0,0,0
F805,1,0,0,0,0,0,0,0,0,0
F806,1,0,0,0,0,0,0,0,0,0
F807,1,0,0,0,0,0,0,0,0,0
F808,1,0,0,0,0,0,0,0,0,0
F809,1,0,0,0,0,0,0,0,0,0
F810,1,0,0,0,0,0,0,0,0,0
F811,1,0,0,0,0,0,0,0,0,0
F812,1,0,0,0,0,0,0,0,0,0
F813,1,0,0,0,0,0,0,0,0,0
F814,1,0,0,0,0,0,0,0,0,0
F815,1,0,0,0,0,0,0,0,0,0
F816,1,0,0,0,0,0,0,0,0,0
F817,1,0,0,0,0,0,0,0,0,0
F818,1,0,0,0,0,0,0,0,0,0
F819,1,0,0,0,0,0,0,0,0,0
F820,1,0,0,0,0,0,0,0,0,0
F821,1,0,0,0,0,0,0,0,0,0
F822,1,0,0,0,0,0,0,0,0,0
F823,1,0,0,0,0,0,0,0,0,0
F824,1,0,0,0,0,0,0,0,0,0
F825,1,0,0,0,0,0,0,0,0,0
F826,1,0,0,0,0,0,0,0,0,0
F827,1,0,0,0,0,0,0,0,0,0
F828,1,0,0,0,0,0,0,0,0,0
F829,1,0,0,0,0,0,0,0,0,0
F830,1,0,0,0,0,0,0,0,0,0
F831,1,0,0,0,1,0,0,0,0,0
F832,1,0,0,0,0,0,0,0,0,0
F833,1,0,0,0,0,0,0,0,0,0
F834,1,0,0,0,0,0,0,0,0,0
F835,1,0,0,0,0,0,0,0,0,0
F836,1,0,0,0,0,0,0,0,0,0
F837,1,0,0,0,0,0,0,0,0,0
F838,1,0,0,0,0,0,0,0,0,0
F839,1,0,0,0,0,0,0,0,0,0
F840,1,0,0,0,0,1,0,0,0,0
F841,0,1,0,1,0,0,0,0,0,0
F842,0,1,0,1,0,0,0,0,0,0
F843,0,1,0,0,0,0,0,0,0,0
F844,1,0,0,0,0,0,1,0,0,0
F845,1,0,0,0,0,0,0,0,0,0
F846,1,0,0,0,0,0,0,0,0,0
F847,1,0,0,0,0,0,0,0,0,0
F848,1,0,0,0,0,0,0,0,0,0
F849,1,0,0,0,0,0,0,0,0,0
F850,1,0,0,0,0,0,0,0,0,0
F851,1,1,0,1,1,1,1,0,0,0
F852,1,0,0,0,0,0,0,0,0,0
F853,1,0,0,0,0,0,0,0,0,0
F854,1,0,0,0,0,0,0,0,0,0
F855,1,0,0,0,0,0,0,0,0,0
F856,1,0,0,0,0,0,0,0,0,0
F857,1,0,0,0,0,0,0,0,0,0
F858,1,0,0,0,0,0,0,0,0,0
F859,1,0,0,0,0,0,1,0,0,0
F860,1,0,0,0,0,0,1,0,0,0
F861,1,0,0,0,0,0,1,0,0,0
F862,1,0,0,0,0,0,0,0,0,0
F863,1,0,0,0,0,0,0,0,0,0
F864,1,0,0,0,1,0,1,0,0,0
F865,1,0,0,0,0,0,1,0,0,0
F866,1,0,0,0,0,0,1,0,0,0
F867,1,0,0,0,0,0,0,0,0,0
F868,1,0,0,0,0,0,1,0,0,0
F869,1,0,0,0,0,0,1,0,0,0
F870,1,0,0,0,1,0,1,0,0,1
F871,1,0,0,0,0,0,1,0,0,0
F872,1,0,0,0,0,0,1,0,0,0
F873,1,0,0,0,0,0,1,0,0,0
F874,1,0,0,0,0,0,1,0,0,0
F875,1,0,0,0,0,0,1,0,0,0
F876,1,0,0,0,0,0,1,0,0,0
F877,1,0,0,0,0,0,0,0,0,0
F878,1,0,0,0,0,0,1,0,0,0
F879,1,0,0,0,0,0,1,0,0,0
F880,1,0,0,0,1,0,1,0,0,0
F881,1,0,0,0,0,0,0,0,0,0
F882,1,0,0,0,0,0,0,0,0,0
F883,1,0,0,0,0,0,0,0,0,0
F884,1,0,0,0,0,0,0,0,0,0
F885,1,0,0,0,0,0,1,0,0,0
F886,1,0,0,0,0,0,0,0,0,0
F887,1,0,0,0,0,0,1,0,0,0
F888,1,0,0,0,0,0,0,0,0,0
F889,1,1,0,1,0,0,0,0,0,0
F890,1,1,0,1,0,0,0,0,0,0
F891,1,1,0,1,0,0,0,0,0,0
F892,1,0,0,0,0,0,0,0,0,0
F893,1,0,0,0,0,0,0,0,0,0
F894,1,0,0,0,1,0,1,0,0,0
F895,0,0,0,0,1,0,0,0,0,0
F896,0,0,0,0,1,0,0,0,0,0
F897,0,0,0,0,1,0,0,0,0,0
F898,0,0,0,0,1,0,0,0,0,0
F899,0,0,0,0,1,0,0,0,0,0
F900,1,0,0,0,1,0,0,0,0,0
F901,0,0,0,0,1,0,0,0,0,0
F902,1,0,0,0,0,0,0,0,0,0
F903,1,0,0,0,0,0,1,0,0,0
F904,1,0,0,0,0,0,1,0,0,0
F905,1,0,0,0,0,0,0,0,0,0
F906,1,0,0,0,0,0,1,0,0,0
F907,1,0,0,0,0,0,1,0,0,0
F908,1,0,0,0,0,0,1,0,0,0
F909,1,0,0,0,0,0,1,0,0,0
F910,1,0,0,0,0,0,1,0,0,0
F911,1,0,0,0,0,0,1,0,0,0
F912,0,0,0,0,0,0,1,0,0,0
F913,0,0,0,0,0,0,1,0,0,0
F914,1,0,0,0,0,0,1,0,0,0
F915,1,0,0,0,0,0,1,0,0,0
F916,1,0,0,0,0,0,1,0,0,0
F917,1,0,0,0,0,0,1,0,0,0
F918,1,0,0,0,0,0,1,0,0,0
F919,1,0,0,0,0,0,1,0,0,0
F920,1,0,0,0,0,0,1,0,0,0
F921,1,0,0,0,0,0,1,0,0,0
F922,1,0,0,0,0,0,1,0,0,0
F923,1,0,0,0,0,0,0,0,0,0
F924,1,0,0,0,0,0,0,0,0,0
F925,1,0,0,0,0,0,0,0,0,0
F926,1,0,0,0,0,0,0,0,0,0
F927,1,0,0,0,0,0,0,0,0,0
F928,1,0,0,0,0,1,0,1,0,0
F929,1,0,0,0,0,1,1,1,0,0
F930,1,0,0,0,0,1,0,0,0,0
F931,1,0,0,0,0,1,0,0,0,0
F932,1,0,0,0,0,0,0,0,0,0
F933,1,0,0,0,0,0,0,0,0,0
F934,1,0,0,0,0,0,0,0,0,0
F935,1,1,0,1,0,0,0,0,0,0
F936,1,1,0,0,1,1,1,0,0,0
F937,0,0,0,0,0,0,1,0,0,0
F938,0,0,0,0,0,0,1,0,0,0
F939,1,0,0,0,0,0,1,0,0,0
F940,1,0,0,0,0,0,1,0,0,0
F941,1,0,0,0,0,0,0,0,0,0
F942,1,0,0,0,1,0,1,0,0,0
F943,1,0,0,0,1,0,0,0,0,0
F944,1,0,0,0,0,0,0,0,0,0
F945,1,0,0,0,0,0,1,0,0,0
F946,1,0,0,0,0,0,0,0,0,0
F947,1,0,0,0,0,0,0,0,0,0
F948,1,1,0,1,0,0,0,0,0,0
F949,1,0,0,0,0,0,0,0,0,0
F950,1,0,0,0,0,0,0,0,0,0
F951,1,0,0,0,0,0,0,0,0,0
F952,1,0,0,0,0,0,0,0,0,0
F953,1,0,0,0,0,0,1,0,0,0
F954,1,0,0,0,0,0,0,0,0,0
F955,1,0,0,0,0,1,0,0,0,0
F956,1,0,0,0,0,0,0,0,0,0
F957,1,0,1,0,0,0,0,0,0,0
F958,1,0,0,0,0,0,1,0,0,0
F959,1,0,1,0,0,0,1,0,0,0
F960,1,0,0,0,0,0,0,0,0,0
F961,1,0,0,0,0,0,0,0,0,0
F962,1,0,0,0,0,0,0,0,0,0
F963,1,0,0,0,0,0,0,0,0,0
F964,0,0,0,0,0,0,1,0,0,0
F965,1,0,0,0,0,0,1,0,0,1
F966,1,0,0,0,0,0,1,0,0,0
F967,1,0,0,0,0,0,0,0,0,0
F968,1,0,0,0,0,0,0,0,0,0
F969,1,0,0,0,0,0,1,0,0,0
F970,1,0,0,0,0,0,0,0,0,0
F971,1,0,0,0,0,1,1,0,0,0
F972,1,0,0,0,0,0,0,0,0,0
F973,1,1,0,0,0,0,0,0,0,0
F974,1,0,1,0,0,0,0,0,0,0
F975,1,0,0,0,0,0,1,0,0,0
F976,1,0,0,0,0,0,1,0,0,0
F977,1,0,0,0,0,0,1,0,0,0
F978,1,0,0,0,0,0,1,0,0,0
F979,1,0,0,0,0,0,0,0,0,0
F980,1,0,0,0,0,0,0,0,0,0
F981,1,0,0,0,0,0,0,0,0,0
F982,1,0,0,0,0,0,0,0,0,0
F983,1,0,0,0,0,0,0,0,0,0
F984,1,1,0,0,1,0,0,0,0,0
F985,1,0,0,0,0,0,0,0,0,0
F986,1,0,0,0,0,0,0,0,0,0
F987,0,0,0,0,0,0,1,0,0,0
F988,1,0,0,0,1,0,1,0,0,0
F989,1,0,0,0,1,0,1,0,0,0
F990,1,0,0,0,1,0,1,0,0,0
F991,1,0,0,0,1,0,1,0,0,0
F992,1,0,0,0,1,0,1,0,0,0
F993,1,0,0,0,1,0,1,0,0,0
F994,1,0,0,0,1,0,0,0,0,0
F995,1,0,0,0,0,0,0,0,0,0
F996,1,0,0,0,0,0,0,0,0,0
F997,1,0,0,0,0,0,0,0,0,0
F998,1,0,0,0,0,0,0,0,0,0
F999,1,0,0,0,0,0,0,0,0,0
F1000,1,0,0,0,0,0,0,0,0,0
F1001,1,0,0,0,0,0,0,0,0,0
F1002,1,0,0,0,0,0,0,0,0,0
F1003,1,0,0,0,0,0,0,0,0,0
F1004,1,0,0,0,0,0,0,0,0,0
F1005,1,1,0,1,0,1,0,0,1,0
F1006,1,0,0,0,0,0,1,0,0,0
F1007,1,0,0,0,0,0,1,0,0,0
F1008,1,0,0,0,0,0,1,0,0,0
F1009,1,0,0,0,0,0,1,0,0,0
F1010,1,0,0,0,0,1,1,0,0,0
F1011,1,0,0,0,0,0,0,0,0,0
F1012,1,0,0,0,0,0,0,0,0,0
F1013,1,0,0,0,0,0,0,0,0,0
F1014,1,0,0,0,0,0,0,0,0,0
F1015,1,0,0,0,0,0,0,0,0,0
F1016,1,0,0,0,0,0,0,0,0,0
F1017,1,0,0,0,0,0,0,0,0,0
F1018,1,0,0,0,0,0,0,0,0,0
F1019,1,0,0,0,0,0,0,0,0,0
F1020,1,0,0,0,0,0,1,0,0,0
F1021,1,0,0,0,0,0,0,0,0,0
F1022,1,0,0,0,1,0,0,0,0,0
F1023,0,0,1,0,0,0,0,0,0,0
F1024,1,0,0,0,1,0,0,0,0,0
F1025,1,0,0,0,1,0,0,0,0,0
F1026,1,0,0,0,1,0,0,0,0,0
F1027,1,0,1,0,0,0,1,0,0,0
F1028,1,0,0,0,0,0,1,0,0,0
F1029,1,0,0,0,0,0,1,0,0,0
F1030,1,0,0,0,0,0,1,0,0,0
F1031,1,0,0,0,0,0,1,0,0,0
F1032,1,0,0,0,0,0,1,0,0,0
F1033,1,0,0,0,0,0,1,1,0,0
F1034,1,0,0,0,0,0,1,0,0,0
F1035,1,0,0,0,0,0,1,0,0,0
F1036,0,0,0,0,1,0,1,0,0,0
F1037,1,0,0,0,0,0,0,0,0,0
F1038,1,0,0,0,0,0,1,0,0,0
F1039,1,0,0,0,0,0,1,0,0,0
F1040,1,0,0,0,0,0,1,0,0,0
F1041,1,0,0,0,0,1,0,0,0,0
F1042,0,0,0,0,0,0,1,0,0,0
F1043,1,0,0,0,0,0,0,0,0,0
F1044,1,0,0,0,0,0,1,0,0,0
F1045,1,0,0,0,0,1,1,0,0,0
F1046,1,0,0,0,0,0,0,0,0,0
F1047,0,0,0,0,0,0,1,0,0,0
F1048,1,0,0,0,0,0,1,0,0,0
F1049,1,0,0,0,0,0,1,0,0,0
F1050,1,0,0,0,0,1,0,0,0,0
F1051,1,0,0,0,1,1,0,0,0,0
F1052,1,0,0,0,0,0,0,0,0,0
F1053,1,0,0,0,0,0,0,0,0,0
F1054,1,0,0,0,0,0,0,0,0,0
F1055,1,0,0,0,0,0,0,0,0,0
F1056,1,0,0,0,0,0,0,0,0,0
F1057,1,0,0,0,0,0,0,0,0,0
F1058,1,0,0,0,1,0,0,0,0,0
F1059,1,0,0,0,0,0,1,1,0,0
F1060,1,0,0,0,1,0,1,0,0,0
F1061,1,0,0,0,0,0,1,0,0,0
F1062,1,0,0,0,0,0,1,0,0,0
F1063,1,0,0,0,0,0,1,0,0,0
F1064,1,0,0,0,0,0,1,0,0,0
F1065,0,0,0,0,0,0,1,0,0,0
F1066,1,0,0,0,0,0,0,0,0,0
F1067,1,0,0,0,0,0,0,0,0,0
F1068,1,0,0,0,0,0,0,0,0,0
F1069,1,0,0,0,0,0,0,0,0,0
F1070,1,0,0,0,0,0,1,0,0,0
F1071,1,0,0,0,0,1,1,0,0,0
F1072,1,0,0,0,0,0,0,0,0,0
F1073,1,0,0,0,0,0,0,0,0,0
F1074,1,0,0,0,0,0,0,0,0,0
F1075,1,0,0,0,0,0,0,0,0,0
F1076,1,0,0,0,0,0,0,0,0,0
F1077,1,0,0,0,0,1,0,0,0,0
F1078,1,0,0,0,0,0,1,0,0,0
F1079,1,0,0,0,0,0,0,0,0,1
F1080,1,0,0,0,0,0,1,0,0,0
F1081,1,0,0,0,0,0,0,0,0,0
F1082,1,0,0,0,0,0,0,0,0,0
F1083,1,0,0,0,0,0,0,1,0,0
F1084,0,0,1,0,0,0,1,0,0,0
F1085,1,0,0,0,0,0,0,0,0,0
F1086,1,0,0,0,0,0,1,0,0,0
F1087,1,0,0,0,0,0,1,0,0,0
F1088,1,0,0,0,0,0,0,0,0,0
F1089,1,0,0,0,0,0,0,0,0,0
F1090,1,0,0,0,0,0,0,0,0,0
F1091,1,0,0,0,0,1,0,0,0,0
F1092,0,0,0,0,0,0,1,0,0,0
F1093,0,0,0,0,0,0,1,0,0,0
F1094,0,0,0,0,0,0,1,0,0,0
F1095,0,0,0,0,0,0,1,0,0,0
F1096,1,0,0,0,1,0,0,0,0,0
F1097,1,0,0,0,0,0,0,0,0,0
F1098,1,0,0,0,0,0,0,0,0,0
F1099,0,0,0,0,0,0,1,0,0,0
F1100,0,0,0,0,0,0,1,0,0,0
F1101,1,0,0,0,0,0,0,0,0,0
F1102,1,0,0,0,0,0,0,0,0,0
F1103,1,0,0,0,0,0,0,0,0,0
F1104,1,0,0,0,0,0,0,0,0,0
F1105,1,0,0,0,0,0,0,0,0,0
F1106,1,0,0,0,0,0,0,0,0,0
F1107,1,0,0,0,0,0,0,0,0,0
F1108,1,0,0,0,0,0,0,0,0,0
F1109,1,0,0,0,0,0,0,0,0,0
F1110,1,0,0,0,0,0,1,0,1,0
F1111,1,0,0,0,0,0,0,0,0,0
F1112,1,1,1,1,0,0,1,0,0,0
F1113,1,0,0,0,0,0,1,0,0,0
F1114,1,0,0,0,0,0,1,0,0,0
F1115,1,0,0,0,0,0,1,0,0,0
F1116,1,0,0,0,0,0,1,0,0,0
F1117,1,0,0,0,0,0,1,0,0,0
F1118,1,0,0,0,0,0,0,0,0,0
F1119,1,0,0,0,0,0,0,0,0,0
F1120,1,0,0,0,0,0,1,0,0,0
F1121,1,0,0,0,0,0,0,0,0,0
F1122,1,0,0,0,0,0,0,0,0,0
F1123,1,0,0,0,0,0,0,0,0,0
F1124,1,0,0,0,0,0,0,0,0,0
F1125,1,0,0,0,0,0,0,0,0,0
F1126,1,0,0,0,0,0,0,0,0,0
F1127,1,0,0,0,0,0,0,0,0,0
F1128,1,0,0,0,0,0,0,0,0,0
F1129,1,0,0,0,0,0,0,0,0,0
F1130,1,0,0,0,0,0,0,0,0,0
F1131,1,0,0,0,0,0,0,0,0,0
F1132,1,0,0,0,0,1,0,0,0,0
F1133,1,0,0,0,0,0,0,0,0,0
F1134,1,0,0,0,0,0,0,0,0,0
F1135,1,0,0,0,0,0,0,0,0,0
F1136,1,0,0,0,0,0,0,0,0,0
F1137,1,0,0,0,0,1,0,0,0,0
F1138,1,0,0,0,0,0,0,0,0,0
F1139,1,0,0,0,0,0,1,0,0,0
F1140,1,0,0,0,0,0,0,0,0,0
F1141,1,0,0,0,0,0,0,0,0,0
F1142,1,0,0,0,0,0,0,0,0,0
F1143,1,0,0,0,0,0,0,0,0,0
F1144,1,0,1,0,0,0,0,0,0,0
F1145,1,0,0,0,0,0,0,0,0,0
F1146,1,0,0,0,0,0,0,0,0,0
F1147,1,0,0,0,0,1,1,0,0,0
F1148,1,0,0,0,0,0,0,1,0,0
F1149,1,0,0,0,0,0,0,1,0,0
F1150,1,0,0,0,0,0,0,1,0,0
F1151,1,0,0,0,0,0,0,1,0,0
F1152,1,0,0,0,0,0,0,1,0,0
F1153,1,0,0,0,0,0,0,0,0,0
F1154,1,0,0,0,0,0,0,0,0,0
F1155,1,0,0,0,0,0,0,0,0,0
F1156,1,0,0,0,0,0,0,0,0,0
F1157,1,0,0,0,0,0,0,0,0,0
F1158,1,0,0,0,0,0,0,0,0,0
F1159,1,0,0,0,0,0,0,0,0,0
F1160,1,0,0,0,0,0,0,0,0,0
F1161,1,0,0,0,0,0,1,0,1,1
F1162,1,0,0,0,0,0,0,0,0,1
F1163,1,0,0,0,0,0,0,0,0,0
F1164,1,0,0,0,0,0,1,0,0,0
F1165,1,0,0,0,0,0,1,0,0,0
F1166,1,0,0,0,0,0,0,0,0,0
F1167,1,0,0,0,0,0,0,0,0,0
F1168,1,0,0,0,0,0,1,0,0,0
F1169,0,1,1,0,0,0,1,0,0,0
F1170,1,0,1,0,1,0,1,0,0,0
F1171,1,0,0,0,0,0,0,0,0,0
F1172,1,0,0,0,0,0,0,0,0,0
F1173,1,0,0,0,0,0,0,0,0,0
F1174,1,1,0,1,0,0,0,0,0,0
F1175,1,0,0,0,0,0,1,0,0,0
F1176,1,0,0,0,0,0,1,0,0,0
F1177,1,0,0,0,0,0,0,0,0,0
F1178,1,0,0,0,0,1,1,0,0,0
F1179,1,0,0,0,0,0,1,0,0,0
F1180,1,0,0,0,0,1,1,0,0,0
F1181,1,0,0,0,0,0,1,0,0,0
F1182,1,0,0,0,0,0,1,0,0,0
F1183,1,0,0,0,0,0,1,0,0,0
F1184,1,1,0,0,0,0,1,0,0,0
F1185,1,1,0,0,0,0,1,0,0,0
F1186,0,0,0,0,0,0,1,0,0,0
F1187,0,0,0,0,0,0,1,0,0,0
F1188,1,0,0,0,0,0,1,0,0,0
F1189,0,0,0,0,0,0,1,0,0,0
F1190,0,0,0,0,0,0,1,0,0,0
F1191,0,0,0,0,0,0,1,0,0,0
F1192,1,0,0,0,0,0,1,0,0,0
F1193,1,0,0,0,0,0,0,0,0,0
F1194,1,0,0,0,0,0,1,0,0,0
F1195,0,0,1,0,0,0,0,0,0,0
F1196,0,0,1,0,0,0,0,0,0,0
F1197,1,1,0,0,0,0,0,0,0,0
F1198,1,1,0,0,0,0,0,0,0,0
F1199,1,0,0,0,0,1,0,0,0,0
F1200,1,0,0,0,0,1,0,0,0,0
F1201,1,0,0,0,0,1,1,0,0,0
F1202,1,0,0,0,0,1,1,0,0,0
F1203,1,0,0,0,0,1,1,0,0,0
F1204,1,0,0,0,0,0,0,0,0,0
F1205,1,0,0,0,0,1,1,0,0,0
F1206,1,0,0,0,0,1,1,0,0,0
F1207,1,0,0,0,0,0,1,0,0,0
F1208,1,0,0,0,0,0,0,0,0,0
F1209,1,0,0,0,0,0,0,0,0,0
F1210,1,0,0,0,0,0,0,0,0,0
F1211,1,0,0,0,0,0,1,0,0,0
F1212,1,0,0,0,0,0,0,0,0,0
F1213,1,0,0,0,0,0,0,0,0,0
F1214,1,0,0,0,0,0,0,0,0,0
F1215,1,0,0,0,0,0,0,0,0,0
F1216,1,0,0,0,0,0,0,0,0,0
F1217,1,0,0,0,0,0,0,0,0,0
F1218,1,0,0,0,0,0,0,0,0,0
F1219,1,0,0,0,0,0,0,0,0,0
F1220,1,0,0,0,0,0,0,0,0,0
F1221,1,0,0,0,0,0,0,0,0,0
F1222,1,0,0,0,0,0,0,0,0,0
F1223,1,0,0,0,0,0,1,0,0,0
F1224,1,0,0,0,0,0,1,0,0,0
F1225,1,0,0,0,0,0,0,0,0,0
F1226,1,0,0,0,0,0,0,0,0,0
F1227,1,0,0,0,0,0,0,0,0,0
F1228,1,0,0,0,0,0,0,0,0,0
F1229,1,0,0,0,0,0,1,0,0,0
F1230,1,0,0,0,0,0,1,1,0,0
F1231,1,0,0,0,0,0,1,0,0,0
F1232,1,0,0,0,0,0,0,0,0,0
F1233,1,0,0,0,0,1,0,0,0,0
F1234,1,0,0,0,0,1,0,0,0,0
F1235,1,0,0,0,0,0,0,0,0,0
F1236,1,0,0,0,0,0,0,0,0,0
F1237,1,0,0,0,0,0,0,0,0,0
F1238,1,0,0,0,0,0,0,0,0,0
F1239,0,0,0,0,0,0,1,0,0,0
F1240,1,0,0,0,0,0,0,0,0,0
F1241,1,0,0,0,0,0,0,0,0,0
F1242,1,0,0,0,0,0,0,0,0,0
F1243,1,0,0,0,0,0,0,0,0,0
F1244,1,0,0,0,0,0,0,0,0,0
F1245,1,0,0,0,0,0,0,0,0,0
F1246,1,0,0,0,0,0,0,0,0,0
F1247,1,0,0,0,0,0,0,0,0,0
F1248,1,0,0,0,0,0,1,0,0,0
F1249,1,0,0,0,0,0,0,0,0,0
F1250,0,0,0,0,0,0,1,0,0,0
F1251,1,0,0,0,1,0,0,0,0,0
F1252,0,0,0,0,1,0,0,0,0,0
F1253,0,0,0,0,1,0,0,0,0,0
F1254,1,0,0,0,1,0,0,0,0,0
F1255,1,0,0,0,0,0,1,0,0,0
F1256,1,0,0,0,0,0,0,0,0,0
F1257,1,0,0,0,0,1,0,0,0,0
F1258,1,0,0,0,0,1,1,0,0,0
F1259,0,0,0,0,1,0,0,0,0,0
F1260,0,0,0,0,1,0,0,0,0,0
F1261,1,0,0,0,0,0,1,0,0,0
F1262,1,1,0,0,0,0,0,0,0,1
F1263,1,0,0,0,0,0,0,0,0,0
F1264,1,0,0,0,0,0,1,0,0,0
F1265,1,0,0,0,0,1,1,0,0,0
F1266,1,0,1,0,0,0,0,0,0,0
F1267,1,0,0,0,0,0,0,0,0,0
F1268,1,0,0,0,1,0,0,0,0,0
F1269,1,0,0,0,0,0,0,0,0,1
F1270,1,0,0,0,0,0,0,0,0,1
F1271,1,0,0,0,0,0,0,0,0,0
F1272,1,0,0,0,0,0,0,0,0,0
F1273,1,0,0,0,0,0,0,0,0,0
F1274,1,0,0,0,0,0,0,0,0,0
F1275,1,0,0,0,0,0,0,0,0,0
F1276,1,0,0,0,0,0,0,0,0,0
F1277,0,0,0,0,0,0,1,0,0,0
F1278,1,0,0,0,0,0,0,0,0,0
F1279,1,0,0,0,1,0,0,0,0,0
F1280,0,0,0,0,1,0,0,0,0,0
F1281,0,0,0,0,1,0,0,0,0,0
F1282,0,0,0,0,1,0,0,0,0,0
F1283,0,0,0,0,1,0,0,0,0,0
F1284,0,0,0,0,1,0,0,0,0,0
F1285,0,0,0,0,1,0,0,0,0,0
F1286,0,0,0,0,1,0,0,0,0,0
F1287,0,0,0,0,1,0,0,0,0,0
F1288,1,0,0,0,0,1,0,0,0,0
F1289,1,0,0,0,0,0,1,0,0,0
F1290,0,0,0,0,0,0,1,0,0,0
F1291,1,0,0,0,0,0,1,0,0,0
F1292,1,0,0,0,0,0,1,0,0,0
F1293,1,0,0,0,0,0,1,0,0,0
F1294,1,0,0,0,0,0,1,0,0,0
F1295,1,0,0,0,0,0,1,0,0,0
F1296,1,0,0,0,0,0,1,0,0,0
F1297,1,0,0,0,0,0,1,0,0,0
F1298,1,0,0,0,0,0,1,0,0,0
F1299,1,0,0,0,0,0,1,0,0,0
F1300,1,0,0,0,0,0,1,0,0,0
F1301,1,0,0,0,0,0,1,0,0,0
F1302,1,0,0,0,0,0,1,0,0,0
F1303,1,0,0,0,0,0,1,0,0,0
F1304,1,0,0,0,0,0,1,0,0,0
F1305,1,0,0,0,0,0,1,0,0,0
F1306,1,0,0,0,0,0,1,0,0,0
F1307,1,0,0,0,0,0,1,0,0,0
F1308,1,0,0,0,0,0,1,0,0,0
F1309,1,0,0,0,0,0,1,0,0,0
F1310,1,0,0,0,0,0,1,0,0,0
F1311,1,0,0,0,0,0,1,0,0,0
F1312,1,0,0,0,0,0,1,0,0,0
F1313,1,0,0,0,0,0,1,0,0,0
F1314,1,0,0,0,0,0,1,0,0,0
F1315,1,0,0,0,0,0,1,0,0,0
F1316,1,0,0,0,0,0,1,0,0,0
F1317,1,0,0,0,0,0,1,0,0,0
F1318,1,0,0,0,0,0,1,0,0,0
F1319,1,0,0,0,0,0,1,0,0,0
F1320,1,0,0,0,0,0,0,0,0,0
F1321,1,0,0,0,0,0,0,0,0,0
F1322,1,0,0,0,0,0,0,0,0,0
F1323,1,0,0,0,0,0,0,0,0,0
F1324,1,0,0,0,0,0,0,0,0,0
F1325,1,0,0,0,0,0,0,0,0,0
F1326,1,0,0,0,0,0,0,0,0,0
F1327,1,0,0,0,0,0,0,0,0,0
F1328,1,0,0,0,0,0,0,0,0,0
F1329,1,0,0,0,0,0,0,0,0,0
F1330,1,0,0,0,0,0,0,0,0,0
F1331,1,0,0,0,0,0,0,0,0,0
F1332,1,0,0,0,0,0,1,0,0,0
F1333,1,0,0,0,0,0,0,0,0,0
F1334,1,0,0,0,0,0,1,0,0,0
F1335,1,0,0,0,0,0,0,0,0,0
F1336,1,0,0,0,0,0,0,0,0,0
F1337,1,0,0,0,0,0,0,0,0,0
F1338,1,0,0,0,0,0,0,0,0,0
F1339,1,0,0,0,0,0,0,0,0,0
F1340,1,0,0,0,0,0,0,0,0,0
F1341,1,0,0,0,0,0,0,0,0,0
F1342,1,0,0,0,0,0,0,0,0,0
F1343,1,0,0,0,1,0,1,0,0,0
F1344,1,0,0,0,1,0,1,0,0,0
F1345,1,0,0,0,0,0,0,0,0,0
F1346,1,0,0,0,0,0,0,0,0,0
F1347,1,0,0,0,0,0,0,0,0,0
F1348,1,0,0,0,0,0,0,0,0,0
F1349,1,0,0,0,0,0,0,0,0,0
F1350,1,0,0,0,0,0,0,0,0,0
F1351,1,0,0,0,0,0,1,0,0,0
F1352,1,0,0,0,0,0,0,0,0,0
F1353,1,0,0,0,0,0,1,0,0,0
F1354,1,0,0,0,0,0,1,0,0,0
F1355,1,0,0,0,0,0,1,0,0,0
F1356,1,0,0,0,0,0,1,0,0,0
F1357,1,0,0,0,0,0,1,0,0,0
F1358,1,0,0,0,0,0,1,0,0,0
F1359,1,0,0,0,0,0,1,0,0,0
F1360,1,0,0,0,0,0,1,0,0,0
F1361,1,0,0,0,0,0,1,0,0,0
F1362,1,0,0,0,0,0,0,0,0,0
F1363,1,0,0,0,1,0,1,0,0,0
F1364,1,0,0,0,1,0,1,0,0,0
F1365,1,0,0,0,0,0,1,0,0,0
F1366,1,0,0,0,0,0,1,0,0,0
F1367,1,0,0,0,0,0,1,0,0,0
F1368,1,0,0,0,0,0,1,0,0,0
F1369,1,0,0,0,0,0,1,0,0,0
F1370,1,0,0,0,1,0,1,0,0,0
F1371,1,0,0,0,0,0,1,0,0,0
F1372,1,0,0,0,0,0,1,0,0,0
F1373,1,0,0,0,0,0,0,0,0,0
F1374,1,0,0,0,0,0,1,0,0,0
F1375,0,0,0,0,0,0,1,0,0,0
F1376,1,0,0,0,0,0,0,0,0,0
F1377,1,0,0,0,0,0,0,0,0,0
F1378,1,0,0,0,0,0,1,0,0,0
F1379,1,0,0,0,0,0,0,0,0,0
F1380,1,0,0,0,0,0,0,0,0,0
F1381,0,0,0,0,0,0,1,0,1,0
F1382,1,1,0,1,0,1,0,0,0,0
F1383,1,0,0,0,0,0,1,0,0,0
F1384,1,0,0,0,0,0,1,0,0,0
F1385,1,0,0,0,0,0,1,0,0,0
F1386,1,0,0,0,0,0,1,0,0,0
F1387,0,0,0,0,1,0,0,0,0,0
F1388,0,0,0,0,1,0,0,0,0,0
F1389,0,0,0,0,1,0,0,0,0,0
F1390,0,0,0,0,1,0,0,0,0,0
F1391,0,0,0,0,1,0,0,0,0,0
F1392,0,0,0,0,1,0,0,0,0,0
F1393,1,0,0,0,1,0,0,0,0,0
F1394,1,0,0,0,1,0,0,0,0,0
F1395,0,0,0,0,1,0,0,0,0,0
F1396,1,0,0,0,1,0,0,0,0,0
F1397,1,0,0,0,0,0,0,0,0,0
F1398,1,0,0,0,0,0,0,0,0,0
F1399,1,0,0,0,0,0,0,0,0,0
F1400,1,0,0,0,0,1,0,0,0,0
F1401,1,0,0,0,0,1,0,0,0,0
F1402,1,0,0,0,0,1,0,0,0,0
F1403,1,0,0,0,0,0,0,0,0,0
F1404,1,0,0,0,0,0,0,0,0,0
F1405,1,0,0,0,0,0,0,0,0,0
F1406,1,0,0,0,0,0,0,0,0,0
F1407,1,0,0,0,0,0,0,0,0,0
F1408,1,0,0,0,0,0,0,0,0,0
F1409,1,1,0,0,0,0,0,0,0,0
F1410,1,1,0,1,0,0,0,0,0,0
F1411,1,0,0,0,0,0,0,0,0,0
F1412,1,0,0,0,0,0,0,0,0,0
F1413,1,0,0,0,0,0,0,0,0,0
F1414,1,0,0,0,0,0,0,0,0,0
F1415,1,0,0,0,0,0,0,0,0,0
F1416,1,0,0,0,0,0,0,0,0,0
F1417,0,0,0,0,0,0,1,0,0,0
F1418,0,0,0,0,0,0,1,0,0,0
F1419,1,0,0,0,0,0,0,0,0,0
F1420,1,0,0,0,0,0,1,0,0,0
F1421,1,0,0,0,0,0,1,0,0,0
F1422,1,0,0,0,0,0,1,0,0,0
F1423,0,0,0,0,0,0,1,0,0,0
F1424,0,0,0,0,0,0,1,0,0,0
F1425,1,0,0,0,0,0,0,0,0,0
F1426,1,0,0,0,0,1,0,0,0,0
F1427,1,0,0,0,0,0,0,0,0,0
F1428,1,0,0,0,0,0,0,0,0,0
F1429,1,0,0,0,0,0,0,0,0,0
F1430,1,0,0,0,0,0,0,0,0,0
F1431,1,0,0,0,0,1,0,0,0,0
F1432,1,0,0,0,0,0,1,0,0,0
F1433,0,1,0,1,0,0,1,0,0,0
F1434,0,0,0,0,0,0,1,0,0,0
F1435,0,0,0,0,0,0,1,0,0,0
F1436,0,0,0,0,0,0,1,0,0,0
F1437,1,0,0,0,0,0,0,0,0,0
F1438,1,0,0,0,0,0,0,0,0,0
F1439,1,0,0,0,0,0,0,0,0,0
F1440,1,0,0,0,0,0,1,0,0,0
F1441,1,0,0,0,0,0,0,0,0,0
F1442,1,0,0,0,0,0,0,0,0,0
F1443,1,0,0,0,0,0,1,0,0,0
F1444,1,0,0,0,0,0,1,0,0,0
F1445,1,0,0,0,0,1,0,0,0,0
F1446,1,0,0,0,0,0,0,0,0,0
F1447,1,0,0,0,0,0,1,0,0,0
F1448,1,0,0,0,0,0,0,0,0,0
F1449,1,0,0,0,0,0,1,0,0,0
F1450,1,0,0,0,0,0,1,0,0,0
F1451,1,0,0,0,0,0,1,0,0,0
F1452,1,0,0,0,0,0,1,0,0,0
F1453,1,0,0,0,0,0,1,0,0,0
F1454,1,0,0,0,0,0,1,0,0,0
F1455,1,0,0,0,0,0,1,0,0,0
F1456,0,0,0,0,0,0,1,0,1,0
F1457,0,0,0,0,0,0,1,0,0,0
F1458,1,0,0,0,0,0,1,0,0,0
F1459,1,0,0,0,0,0,1,0,0,0
F1460,1,0,0,0,0,0,0,0,0,0
F1461,1,0,0,0,0,0,0,0,0,0
F1462,1,0,0,0,0,0,0,0,0,0
F1463,1,0,0,0,0,0,0,0,0,1
F1464,1,0,0,0,0,0,1,0,0,0
F1465,1,0,1,0,0,0,1,0,1,1
F1466,1,0,0,0,0,0,0,0,0,1
F1467,1,0,1,0,0,0,0,0,0,1
F1468,1,0,0,0,0,0,0,0,0,1
F1469,1,0,1,0,0,0,0,0,0,1
F1470,1,0,1,0,0,0,1,0,0,1
F1471,1,0,0,0,0,0,0,0,0,1
F1472,1,0,0,1,0,0,0,0,0,1
F1473,1,0,0,0,0,0,0,0,0,1
F1474,1,0,0,1,0,0,0,0,0,1
F1475,1,0,0,0,0,0,0,0,0,1
F1476,1,0,0,0,0,0,0,0,0,1
F1477,1,0,0,0,0,0,0,0,0,1
F1478,1,0,0,0,0,0,0,0,0,1
F1479,1,0,0,0,0,0,0,0,0,1
F1480,1,0,0,0,0,0,0,0,0,1
F1481,1,0,0,0,0,0,0,0,0,1
F1482,1,0,0,0,0,0,0,0,0,1
F1483,1,0,0,0,1,0,0,0,0,1
F1484,1,0,0,0,0,0,0,0,0,1
F1485,1,1,0,1,0,0,1,0,0,0
F1486,1,0,0,0,0,1,0,0,0,0
F1487,1,0,0,0,0,0,1,0,0,0
F1488,1,0,0,0,0,0,1,0,0,0
F1489,1,1,1,0,0,0,0,1,0,0
F1490,1,0,0,0,0,0,0,0,0,0
F1491,1,0,0,0,0,0,0,0,0,0
F1492,1,0,0,0,0,0,0,0,0,0
F1493,1,0,0,0,0,0,0,0,0,0
F1494,1,0,0,0,0,0,1,0,0,0
F1495,1,0,0,0,0,0,1,0,0,0
F1496,1,0,0,0,1,1,1,0,0,0
F1497,1,0,0,0,0,0,1,0,0,0
F1498,1,0,0,0,0,0,1,0,0,0
F1499,1,0,0,0,0,0,1,0,0,0
F1500,1,0,0,0,0,0,1,0,0,0
F1501,1,0,0,0,0,0,0,0,0,0
F1502,1,0,1,0,0,1,0,0,0,0
F1503,1,0,0,0,0,0,0,0,0,0
F1504,1,0,0,0,0,0,1,0,0,0
F1505,1,0,0,0,0,1,0,0,0,0
F1506,1,0,0,0,0,1,0,0,0,0
F1507,1,0,0,0,0,0,1,0,0,0
F1508,1,0,0,0,0,0,0,0,0,0
F1509,1,0,0,0,0,0,1,0,0,0
F1510,1,0,0,0,0,0,1,0,0,0
F1511,0,1,0,1,0,0,0,0,0,0
F1512,0,1,0,1,0,0,0,0,0,0
F1513,0,1,0,1,0,0,0,0,0,0
F1514,0,1,0,1,0,0,0,0,0,0
F1515,1,0,0,0,1,1,0,0,0,0
F1516,1,0,0,0,1,0,1,1,0,0
F1517,1,0,0,0,1,0,0,0,0,0
F1518,1,0,0,0,1,0,0,0,0,0
F1519,1,0,0,0,0,1,0,0,0,0
F1520,0,0,0,0,0,0,1,1,0,0
F1521,1,0,0,0,1,0,1,0,0,0
F1522,1,0,0,0,1,0,0,0,0,0
F1523,1,1,0,0,0,0,0,0,0,0
F1524,1,1,0,0,0,0,0,0,0,0
F1525,1,1,0,0,0,0,1,0,0,0
F1526,1,0,0,0,0,0,0,0,0,0
F1527,1,1,0,0,0,0,0,0,0,0
F1528,1,0,0,0,0,0,0,0,0,0
F1529,1,0,0,0,0,0,1,0,0,0
F1530,1,0,0,0,0,0,1,0,0,0
F1531,1,0,0,0,0,0,1,0,0,0
F1532,1,0,0,0,0,0,0,0,0,0
F1533,1,0,0,0,0,0,0,0,0,0
F1534,0,1,0,0,0,0,0,0,0,0
F1535,0,1,0,0,0,0,0,0,0,0
F1536,0,0,1,0,0,0,0,0,0,0
F1537,1,0,0,0,0,0,0,0,0,0
F1538,1,0,0,0,0,0,1,0,0,0
F1539,0,0,0,0,0,0,1,0,0,0
F1540,1,0,1,0,0,1,1,0,0,0
F1541,1,0,0,0,0,0,0,0,0,0
F1542,1,0,0,0,0,0,0,0,0,0
F1543,1,0,0,0,0,0,0,0,0,0
F1544,1,0,0,0,0,0,0,0,0,0
F1545,1,0,0,0,0,0,0,0,0,0
F1546,1,0,0,0,0,0,1,0,0,0
F1547,1,0,0,0,0,0,0,0,0,0
F1548,1,0,0,0,0,0,0,0,0,0
F1549,1,0,0,0,0,0,0,0,0,0
F1550,1,0,0,0,0,0,0,0,0,0
F1551,1,0,0,0,0,0,1,0,0,0
F1552,1,0,0,0,0,0,1,0,0,0
F1553,1,0,0,0,0,1,0,0,0,0
F1554,1,0,0,0,0,0,1,0,0,0
F1555,1,0,0,0,0,0,1,0,0,0
F1556,1,0,0,0,0,0,1,1,0,0
F1557,0,0,0,0,0,0,1,0,0,0
F1558,1,0,0,0,0,0,0,0,0,0
F1559,1,0,1,0,0,0,0,0,0,1
F1560,1,0,1,0,0,0,1,0,0,1
F1561,0,0,0,0,0,0,1,0,0,1
F1562,1,0,0,0,0,0,1,0,0,1
F1563,1,0,0,0,0,0,1,0,0,0
F1564,1,0,0,0,0,0,1,0,0,0
F1565,1,0,0,0,0,0,1,0,0,0
F1566,1,0,0,0,0,0,1,0,0,0
F1567,1,0,0,0,0,0,0,0,0,0
F1568,1,0,0,0,0,0,0,0,0,0
F1569,1,0,0,0,0,0,1,0,0,1
F1570,1,0,0,0,0,0,0,0,0,0
F1571,1,0,1,0,0,0,1,0,0,0
F1572,1,0,0,0,0,0,1,0,0,0
F1573,1,0,0,0,0,0,1,0,0,0
F1574,1,0,0,0,0,0,1,0,0,0
F1575,1,0,0,0,0,0,1,0,0,0
F1576,1,0,0,0,0,0,1,1,0,0
F1577,1,0,0,0,0,0,0,0,0,0
F1578,1,0,0,0,0,0,0,1,1,0
F1579,1,0,1,0,0,0,0,0,0,0
F1580,1,0,0,0,0,0,1,0,0,0
F1581,1,0,0,0,0,0,0,0,0,0
F1582,1,0,0,0,0,0,0,0,0,0
F1583,1,0,0,0,0,0,0,0,0,0
F1584,1,0,0,0,0,0,1,0,0,0
F1585,1,0,0,0,0,1,1,0,0,0
F1586,1,0,0,0,0,1,1,0,0,0
F1587,1,0,0,0,0,1,1,0,0,0
F1588,1,0,0,0,1,0,0,0,0,0
F1589,1,0,0,0,0,0,0,0,0,0
F1590,1,1,0,0,0,0,0,0,0,0
F1591,1,0,0,0,0,0,0,0,0,0
F1592,1,0,0,0,0,0,1,0,0,0
F1593,1,0,0,0,0,0,0,0,0,0
F1594,1,0,0,0,0,0,0,0,0,0
F1595,1,0,0,0,0,0,0,0,0,0
F1596,1,0,0,0,0,0,1,0,0,0
F1597,1,0,0,0,0,0,0,0,0,0
F1598,1,0,1,0,1,0,1,0,0,0
F1599,1,0,0,0,0,0,0,0,0,0
F1600,1,1,0,0,0,0,1,0,0,0
F1601,1,0,0,0,0,0,0,0,0,0
F1602,1,0,0,0,0,0,0,0,0,0
F1603,1,0,0,0,0,0,0,0,0,0
F1604,0,0,0,0,1,0,0,0,0,0
F1605,1,0,0,0,1,0,1,0,1,0
F1606,0,0,0,0,0,0,1,0,0,0
F1607,1,0,0,0,0,0,0,0,0,0
F1608,1,0,0,0,0,0,0,0,0,0
F1609,1,0,0,0,0,0,0,0,0,0
F1610,1,0,0,0,0,0,1,0,0,0
F1611,1,0,0,0,0,0,1,0,0,0
F1612,1,0,0,0,0,0,1,0,1,0
F1613,1,0,0,0,0,0,0,0,0,0
F1614,0,0,0,0,0,0,1,0,0,0
F1615,1,0,0,0,0,1,0,0,0,0
F1616,1,0,0,0,0,0,0,0,0,0
F1617,1,0,0,0,0,0,0,0,0,0
F1618,1,0,0,0,0,1,0,0,0,0
F1619,1,0,0,0,0,0,0,0,0,0
F1620,1,0,0,0,0,0,0,0,0,0
F1621,1,0,0,0,0,0,0,0,0,0
F1622,1,0,0,0,0,0,0,0,0,0
F1623,1,0,0,0,0,0,0,0,0,0
F1624,1,0,0,0,0,0,1,0,0,0
F1625,1,0,0,0,0,0,1,0,0,0
F1626,1,0,0,0,0,0,0,0,0,0
F1627,1,0,0,0,0,0,1,0,0,0
F1628,1,0,0,0,0,0,1,0,0,0
F1629,1,0,0,0,0,0,1,0,0,0
F1630,1,0,0,0,0,0,1,0,0,0
F1631,1,0,0,0,0,0,1,0,0,0
F1632,1,0,0,0,0,0,1,0,0,0
F1633,1,0,0,0,0,0,1,0,0,0
F1634,1,0,0,0,0,0,1,0,0,0
F1635,1,0,0,0,0,0,1,0,0,0
F1636,1,0,0,0,0,0,1,0,0,0
F1637,1,0,0,0,0,0,0,0,0,0
F1638,1,0,0,0,0,0,1,0,0,0
F1639,1,0,0,0,0,0,1,0,0,0
F1640,1,0,0,0,0,0,0,0,0,0
F1641,1,0,0,0,0,0,0,0,0,0
F1642,1,0,0,0,0,0,1,0,0,0
F1643,1,0,0,0,0,0,1,0,0,0
F1644,1,0,0,0,0,0,0,0,0,0
F1645,1,0,0,0,0,0,0,0,0,0
F1646,1,0,1,0,0,0,1,0,0,0
F1647,1,0,1,0,0,0,1,0,0,0
F1648,1,0,1,0,0,0,1,0,0,0
F1649,1,0,1,0,0,0,1,0,0,0
F1650,1,0,1,0,0,0,0,0,0,0
F1651,1,0,1,0,0,0,1,0,0,0
F1652,1,0,1,0,0,0,1,0,0,0
F1653,1,0,1,0,0,0,1,0,0,0
F1654,1,0,1,0,0,0,1,0,0,0
F1655,1,0,1,0,0,0,1,0,0,0
F1656,1,0,1,0,0,0,1,0,0,0
F1657,1,0,1,0,0,0,0,0,0,0
F1658,1,0,1,0,0,0,1,0,0,0
F1659,1,0,0,0,1,0,1,0,0,0
F1660,1,0,0,0,1,0,1,0,0,0
F1661,1,0,0,0,0,0,0,0,0,0
F1662,1,0,0,0,0,0,1,0,0,0
F1663,1,0,0,0,0,0,0,0,0,0
F1664,0,0,0,0,0,0,1,0,0,0
F1665,1,0,0,0,0,0,1,0,0,0
F1666,1,0,0,0,0,0,1,0,0,0
F1667,1,0,0,0,0,0,0,0,0,0
F1668,1,0,0,0,1,0,0,0,0,0
F1669,1,0,0,0,0,0,0,0,0,0
F1670,1,0,0,0,0,0,0,0,0,0
F1671,1,0,0,0,0,0,0,0,0,0
F1672,1,0,0,0,0,0,0,0,0,0
F1673,1,0,0,0,1,0,1,0,0,0
F1674,1,0,0,0,1,0,1,0,0,0
F1675,1,0,0,0,0,0,0,0,0,0
F1676,1,0,0,0,0,0,0,0,0,0
F1677,0,0,0,0,0,0,1,0,0,0
F1678,1,0,0,0,0,0,0,0,0,0
F1679,1,0,0,0,0,0,0,0,0,0
F1680,1,0,0,0,1,0,0,0,0,0
F1681,1,0,0,0,1,0,0,0,0,0
F1682,0,0,0,0,1,0,0,0,0,0
F1683,1,0,0,0,1,0,0,0,0,0
F1684,0,0,0,0,1,0,0,0,0,0
F1685,1,0,0,0,0,0,1,0,0,0
F1686,1,0,0,0,1,0,0,0,0,0
F1687,1,0,0,0,0,0,1,0,0,0
F1688,0,1,0,0,0,0,0,0,0,0
F1689,0,1,0,0,0,0,0,0,0,0
F1690,0,0,0,0,0,0,1,0,0,0
F1691,0,1,1,0,0,0,0,0,0,1
F1692,0,1,0,0,0,0,0,0,0,1
F1693,0,0,0,0,0,0,1,0,0,0
F1694,0,0,0,0,1,0,0,0,0,0
F1695,1,0,0,0,0,0,1,0,0,0
F1696,1,0,0,0,0,0,1,0,0,0
F1697,1,0,0,0,0,0,0,0,0,0
F1698,1,0,0,0,0,0,0,0,0,0
F1699,1,0,0,0,0,0,0,0,0,0
F1700,1,0,0,0,0,0,0,0,0,0
F1701,1,0,0,0,0,1,0,1,0,0
F1702,1,0,0,0,0,1,0,0,0,0
F1703,1,0,0,0,0,1,0,0,0,0
F1704,1,0,0,0,0,0,0,0,0,0
F1705,1,0,0,0,0,0,0,0,0,0
F1706,1,0,0,0,0,0,1,0,0,0
F1707,1,1,0,0,0,0,1,0,0,0
F1708,1,0,0,0,0,0,0,0,0,0
F1709,1,0,0,0,0,0,1,0,0,0
F1710,1,0,0,0,0,0,1,0,0,0
F1711,1,0,0,0,0,0,0,0,0,0
F1712,1,0,0,0,0,0,0,0,0,0
F1713,1,0,0,0,0,0,1,0,0,0
F1714,1,0,0,0,0,0,1,0,0,0
F1715,1,0,0,0,0,0,0,0,0,0
F1716,1,0,0,0,0,0,1,0,0,0
F1717,1,0,0,0,1,0,0,0,0,0
F1718,1,0,0,0,0,0,0,0,0,0
F1719,1,0,0,0,1,0,1,0,0,0
F1720,1,0,0,0,1,0,0,0,0,0
F1721,1,0,0,0,0,0,0,0,0,0
F1722,1,0,0,0,1,0,1,0,0,0
F1723,1,0,0,0,1,0,1,0,0,0
F1724,1,0,0,0,1,0,1,0,0,0
F1725,1,0,0,0,0,0,0,0,0,0
F1726,1,0,0,0,0,0,0,0,0,0
F1727,1,0,0,0,0,0,0,0,0,0
F1728,1,0,0,0,0,0,0,0,0,0
F1729,0,0,0,0,0,0,1,0,0,0
F1730,1,0,0,0,0,0,0,0,0,0
F1731,1,0,0,0,0,0,0,0,0,0
F1732,1,0,0,0,0,0,0,0,0,0
F1733,1,0,0,0,0,0,0,0,0,0
F1734,1,0,0,0,0,0,0,0,0,0
F1735,1,0,0,0,0,0,0,0,0,0
F1736,1,0,0,0,0,0,1,0,0,0
F1737,1,0,0,0,0,0,0,0,0,0
F1738,1,0,0,0,0,0,0,0,0,0
F1739,1,0,0,0,0,0,0,0,0,0
F1740,1,0,0,0,0,0,0,0,0,0
F1741,1,0,0,0,0,0,0,0,0,0
F1742,1,0,0,0,0,0,0,0,0,0
F1743,1,0,0,0,0,0,0,0,0,0
F1744,1,0,0,0,0,1,0,0,0,0
F1745,1,0,0,0,0,1,0,0,0,0
F1746,1,0,0,0,0,0,1,0,0,0
F1747,1,0,0,0,0,0,1,0,0,0
F1748,1,0,0,0,0,0,1,0,0,0
F1749,1,0,0,0,0,0,0,0,0,0
F1750,1,0,0,0,0,0,1,0,0,0
F1751,1,0,0,0,1,0,1,0,0,0
F1752,1,0,0,0,0,0,0,0,0,0
F1753,1,0,0,0,0,0,0,0,0,0
F1754,1,0,0,0,0,0,0,0,0,0
F1755,1,0,0,0,0,0,0,0,0,0
F1756,1,0,0,0,0,0,0,0,0,0
F1757,1,0,0,0,0,0,0,0,0,0
F1758,1,0,0,0,0,0,0,0,0,0
F1759,1,0,0,0,0,0,1,0,0,0
F1760,1,0,0,0,0,0,1,0,0,0
F1761,0,0,0,0,0,0,1,0,0,0
F1762,1,0,1,0,0,0,0,0,0,0
F1763,1,0,0,0,1,0,1,0,0,0
F1764,1,0,0,0,0,0,0,0,0,0
F1765,1,0,0,0,0,0,0,0,0,0
F1766,1,0,0,0,1,0,0,0,0,0
F1767,0,0,0,0,0,0,1,0,0,0
F1768,1,0,0,0,0,0,0,0,0,0
F1769,1,0,0,0,0,0,0,0,0,0
F1770,1,0,0,0,0,0,1,0,0,0
F1771,1,0,0,0,0,0,0,0,0,0
F1772,1,0,0,0,0,0,0,0,0,0
F1773,1,0,0,0,0,0,0,0,0,0
F1774,1,0,0,0,0,0,1,0,0,0
F1775,1,0,0,0,0,1,1,0,0,0
F1776,1,0,0,0,0,0,1,0,0,0
F1777,1,1,1,0,0,0,0,0,0,0
F1778,1,0,0,0,0,0,0,0,0,0
F1779,1,0,0,0,0,1,0,0,0,0
F1780,1,0,0,0,0,0,1,1,0,0
F1781,1,0,0,0,0,0,1,1,0,0
F1782,1,0,0,0,0,0,0,1,0,0
F1783,1,0,0,0,0,0,0,0,0,0
F1784,1,0,0,0,0,0,0,0,0,0
F1785,1,0,0,0,0,1,1,0,0,0
F1786,1,0,0,0,0,0,0,0,0,0
F1787,1,1,0,0,0,0,0,0,0,0
F1788,1,0,0,0,0,0,0,0,0,1
F1789,1,0,0,0,0,0,0,0,0,1
F1790,1,0,0,0,0,0,1,0,0,0
F1791,1,0,0,0,0,0,1,0,0,0
F1792,0,0,0,0,0,0,1,0,0,0
F1793,1,0,0,0,0,0,1,0,0,0
F1794,1,0,0,0,0,0,0,0,0,0
F1795,1,0,0,0,0,0,1,0,0,0
F1796,1,0,0,0,0,0,0,0,0,0
F1797,1,0,0,0,0,0,0,0,0,0
F1798,1,0,0,0,0,0,1,0,0,0
F1799,1,0,0,0,0,0,1,0,0,0
F1800,1,0,0,0,0,0,0,0,0,0
F1801,1,0,0,0,0,0,1,0,0,0
F1802,1,0,0,0,0,0,0,0,0,0
F1803,1,0,0,0,0,0,1,0,0,0
F1804,1,0,0,0,0,0,0,0,0,0
F1805,0,0,0,0,0,0,1,0,0,0
F1806,1,1,0,0,0,0,0,0,0,0
F1807,1,1,0,0,0,0,0,0,0,0
F1808,1,0,0,0,0,0,0,0,0,0
F1809,1,0,0,0,0,0,1,0,0,0
F1810,1,0,0,0,0,0,1,0,0,0
F1811,1,0,0,0,0,0,1,0,0,0
F1812,1,0,0,0,0,0,1,0,0,0
F1813,1,0,0,0,0,0,0,0,0,0
F1814,1,0,0,0,0,0,0,0,0,0
F1815,1,0,0,0,0,0,0,0,0,0
F1816,1,0,0,0,1,0,1,0,0,0
F1817,1,0,0,0,1,0,1,0,0,0
F1818,0,0,0,0,0,0,1,0,0,0
F1819,0,0,0,0,0,0,1,0,0,0
F1820,1,0,0,0,0,0,0,0,0,0
F1821,1,0,0,0,0,0,0,0,0,0
F1822,1,0,0,0,0,0,0,0,0,0
F1823,1,0,0,0,0,0,0,0,0,0
F1824,1,0,0,0,0,0,0,0,0,0
F1825,1,0,0,0,0,0,0,0,0,0
F1826,1,0,0,0,0,0,0,0,0,0
F1827,1,0,0,0,0,0,0,0,0,0
F1828,1,0,0,0,0,0,0,0,0,0
F1829,1,0,0,0,0,0,0,0,0,0
F1830,1,0,0,0,0,0,0,0,0,0
F1831,1,0,0,0,0,0,0,0,0,0
F1832,1,0,1,0,0,0,0,0,0,0
F1833,1,0,0,0,0,0,0,0,0,0
F1834,1,0,0,0,0,0,0,0,0,0
F1835,1,0,0,0,0,0,0,0,0,0
F1836,1,0,0,0,0,0,0,0,0,0
F1837,1,0,0,0,0,0,0,0,0,0
F1838,1,0,0,0,0,0,1,0,0,0
F1839,1,0,0,0,0,0,1,0,1,0
F1840,1,0,0,0,0,0,0,0,0,0
F1841,0,0,0,0,0,0,1,0,0,0
F1842,1,0,0,0,0,0,0,0,0,0
F1843,0,1,0,0,0,0,0,0,0,0
F1844,0,1,0,1,0,0,0,0,0,0
F1845,1,0,0,0,0,1,0,0,0,0
F1846,1,0,0,0,0,0,0,0,0,0
F1847,1,0,0,0,0,0,0,0,0,0
F1848,1,0,0,0,0,0,0,0,0,0
F1849,1,0,0,0,1,1,1,0,0,0
F1850,1,0,0,0,0,0,0,0,0,0
F1851,1,0,0,0,0,0,1,0,0,0
F1852,1,0,0,0,0,0,0,0,0,0
F1853,1,0,0,0,0,0,0,0,0,0
F1854,1,0,0,0,0,0,0,0,0,0
F1855,1,0,0,0,0,0,0,0,0,0
F1856,1,0,0,0,0,0,0,0,0,0
F1857,1,0,0,0,0,0,0,0,0,0
F1858,1,0,0,0,0,0,1,0,0,0
F1859,1,0,0,0,0,0,0,0,0,0
F1860,0,0,0,0,1,0,0,0,0,0
F1861,1,0,0,0,0,0,0,0,0,0
F1862,1,0,0,0,0,0,0,0,0,0
F1863,1,0,0,0,0,0,0,0,0,0
F1864,1,0,0,0,0,1,0,0,0,0
F1865,1,0,0,0,0,0,0,0,0,0
F1866,1,0,0,0,0,0,0,0,0,0
F1867,1,0,0,0,0,0,1,0,0,0
F1868,0,0,1,0,0,0,0,0,0,0
F1869,0,0,1,0,0,0,0,0,0,0
F1870,1,0,0,0,0,0,1,0,0,0
F1871,0,0,0,0,0,0,1,0,0,0
F1872,1,0,0,0,0,0,0,0,0,0
F1873,1,0,0,0,0,0,0,0,0,0
F1874,0,0,0,0,0,0,1,0,0,0
F1875,1,0,0,0,0,0,0,0,0,0
F1876,1,0,1,0,0,0,0,0,0,0
F1877,1,0,0,0,0,0,0,0,0,0
F1878,1,0,0,0,0,0,0,0,0,0
F1879,1,0,0,0,0,0,0,0,0,0
F1880,1,0,0,0,0,1,0,0,0,0
F1881,1,0,0,0,0,1,0,0,0,0
F1882,1,0,0,0,0,1,0,0,0,0
F1883,1,0,0,0,0,0,0,0,0,0
F1884,1,0,0,0,0,0,1,1,0,0
F1885,1,0,0,0,0,0,0,1,1,0
F1886,0,1,0,0,0,0,0,0,0,0
F1887,1,0,0,0,0,0,0,0,0,0
F1888,1,0,0,0,0,0,0,0,0,0
F1889,1,0,0,0,0,0,0,0,0,0
F1890,1,0,0,0,0,0,0,0,0,0
F1891,1,0,0,0,0,0,0,0,0,0
F1892,1,0,0,0,0,0,0,0,0,0
F1893,1,0,0,0,0,0,0,0,0,0
F1894,1,0,0,0,0,1,0,0,0,0
F1895,1,0,0,0,0,0,0,0,0,0
F1896,1,0,0,0,0,0,0,0,0,0
F1897,1,0,0,0,0,0,0,0,0,0
F1898,0,0,0,0,0,0,1,0,0,0
F1899,1,0,0,0,0,0,0,0,0,0
F1900,0,0,0,0,0,0,1,0,0,0
F1901,1,0,0,0,0,0,0,0,0,0
F1902,1,0,1,0,0,0,1,0,0,0
F1903,1,0,1,0,0,0,1,0,0,0
F1904,1,0,1,0,0,0,1,0,0,0
F1905,1,0,0,0,0,0,0,0,0,0
F1906,1,0,0,0,0,0,0,0,0,0
F1907,1,0,0,0,0,0,0,0,0,0
F1908,1,0,0,0,0,0,0,0,0,0
F1909,1,0,0,0,0,0,0,0,0,0
F1910,1,0,0,0,0,0,1,0,0,0
F1911,1,0,0,0,0,0,0,0,0,0
F1912,1,0,0,0,0,0,1,0,0,0
F1913,1,0,0,0,0,0,1,0,0,0
F1914,1,0,0,0,0,0,1,0,0,0
F1915,1,0,0,0,0,0,1,0,0,0
F1916,1,0,0,0,0,0,1,0,0,0
F1917,1,0,0,0,0,0,1,0,0,0
F1918,1,0,0,0,0,0,1,0,0,0
F1919,1,0,0,0,0,0,1,0,0,0
F1920,1,0,0,0,0,0,1,0,0,0
F1921,1,0,0,0,0,0,0,0,0,0
F1922,1,0,0,0,0,0,0,0,0,0
F1923,1,0,0,0,0,0,1,0,0,0
F1924,1,0,0,0,0,0,0,1,0,0
F1925,1,0,0,0,0,0,0,0,1,0
F1926,1,0,0,0,0,0,0,0,1,0
F1927,1,0,0,0,0,0,0,0,0,0
F1928,1,0,0,0,0,0,1,0,0,0
F1929,1,0,0,0,0,0,0,0,0,0
F1930,0,0,0,0,0,0,1,0,0,0
F1931,1,0,0,0,0,0,0,1,0,0
F1932,1,0,0,0,0,1,0,0,0,0
F1933,1,0,1,0,0,0,1,0,0,0
F1934,1,0,0,0,0,0,1,0,0,0
F1935,1,0,0,0,0,0,1,0,0,0
F1936,1,0,0,0,0,0,0,0,0,1
F1937,1,1,0,0,0,0,0,0,0,1
F1938,1,1,0,0,0,0,0,0,0,1
F1939,1,0,0,0,0,0,0,1,0,0
F1940,1,0,0,0,0,0,0,0,0,0
F1941,1,0,0,0,0,0,0,0,0,0
F1942,1,0,0,0,0,0,0,0,0,0
F1943,1,0,0,0,0,0,0,0,0,0
F1944,1,0,0,0,0,0,0,0,0,0
F1945,0,0,0,0,0,0,1,0,0,0
F1946,1,0,0,0,0,0,0,0,0,0
F1947,1,0,0,0,0,0,0,0,0,0
F1948,1,0,0,0,0,0,1,0,0,0
F1949,1,0,0,0,0,0,0,0,0,0
F1950,1,0,0,0,0,0,0,0,0,0
F1951,1,0,0,0,0,0,0,0,0,0
F1952,0,0,0,0,0,0,1,0,0,0
F1953,1,0,0,0,0,0,0,0,0,0
F1954,1,1,0,0,0,0,0,0,0,0
F1955,1,0,0,0,0,0,0,0,0,0
F1956,1,0,0,0,0,1,0,0,0,0
F1957,0,0,0,0,1,0,0,0,0,0
F1958,0,0,0,0,1,0,0,0,0,0
F1959,0,0,0,0,1,0,0,0,0,0
F1960,0,0,0,0,1,0,0,0,0,0
F1961,1,0,0,0,0,0,0,1,0,0
F1962,1,0,0,0,0,0,0,0,0,0
F1963,1,0,0,0,0,0,0,0,0,0
F1964,1,0,0,0,0,0,0,0,0,0
F1965,1,0,0,0,0,0,0,0,0,0
F1966,1,0,0,0,0,0,0,0,0,0
F1967,1,0,0,0,0,0,0,0,0,0
F1968,1,0,0,0,1,0,0,0,0,0
F1969,1,0,0,0,0,0,0,0,0,0
F1970,1,0,0,0,0,0,0,0,0,0
F1971,1,0,0,0,0,0,0,0,0,0
F1972,1,0,0,0,0,0,0,0,0,0
F1973,1,0,0,0,0,0,1,0,0,0
F1974,0,0,0,0,0,0,1,0,0,0
F1975,1,0,0,0,0,0,0,0,0,0
F1976,1,0,0,0,0,0,0,0,0,0
F1977,1,0,0,0,0,0,1,0,0,0
F1978,1,0,0,0,0,0,1,0,0,0
F1979,1,0,0,0,0,0,0,0,0,0
F1980,1,0,0,0,0,0,0,0,0,0
F1981,1,0,0,0,0,0,0,0,0,0
F1982,1,0,0,0,0,0,0,0,0,0
F1983,1,0,0,0,0,0,0,0,0,0
F1984,1,0,0,0,0,0,1,0,0,0
F1985,1,0,0,0,0,0,1,0,0,0
F1986,1,0,0,0,1,0,0,0,0,0
F1987,1,0,0,0,0,0,0,0,0,0
F1988,1,0,0,0,0,0,0,0,0,0
F1989,1,0,0,0,0,0,1,0,0,0
F1990,0,1,0,0,0,0,0,0,0,0
F1991,1,0,0,0,0,0,0,0,0,0
F1992,1,0,0,0,0,0,0,0,0,0
F1993,1,0,0,0,0,0,0,0,0,0
F1994,1,0,0,0,0,0,1,0,0,0
F1995,1,0,0,0,0,0,1,0,0,0
F1996,1,0,0,0,0,0,1,0,0,0
F1997,1,0,0,0,0,0,1,0,0,0
F1998,1,0,0,0,0,0,1,0,0,0
F1999,1,0,0,0,0,0,1,0,0,0
F2000,0,0,0,0,0,0,1,0,0,0
F2001,0,0,0,0,0,0,1,0,0,0
F2002,1,0,0,0,0,0,0,0,0,0
F2003,1,0,0,0,0,0,0,0,0,0
F2004,1,0,0,0,0,0,0,0,0,0
F2005,1,0,0,0,0,0,0,0,0,0
F2006,1,0,0,0,0,0,1,0,0,0
F2007,1,0,0,0,0,0,1,0,0,0
F2008,1,0,0,0,0,0,1,0,0,0
F2009,1,0,0,0,0,0,0,0,0,0
F2010,1,0,0,0,0,0,0,0,0,0
F2011,0,0,0,0,0,0,1,0,0,0
F2012,1,0,0,0,1,0,0,0,0,0
F2013,0,0,0,0,1,0,0,0,0,0
F2014,1,0,0,0,0,0,0,0,0,0
F2015,1,0,0,0,0,0,0,0,0,0
F2016,1,0,0,0,0,0,1,0,0,0
F2017,1,0,0,0,0,0,0,0,0,0
F2018,1,0,0,0,0,1,0,0,0,0
F2019,1,0,0,0,0,0,0,0,0,0
F2020,1,0,0,0,0,0,0,0,0,0
F2021,1,0,0,0,0,0,0,0,0,0
F2022,1,0,0,0,0,0,1,0,0,0
F2023,1,0,0,0,0,0,1,0,0,0
F2024,1,0,0,0,0,0,1,0,0,0
F2025,1,0,1,0,0,0,0,0,0,0
F2026,1,0,1,0,0,0,0,0,0,0
F2027,1,0,1,0,0,0,0,0,0,0
F2028,1,0,0,0,0,1,0,0,0,0
F2029,0,0,0,0,0,0,1,0,0,0
F2030,1,0,0,0,0,0,0,0,0,0
F2031,0,0,0,0,0,0,1,0,0,0
F2032,1,0,0,0,0,0,0,0,0,0
F2033,1,0,0,0,0,0,0,0,0,0
F2034,1,0,0,0,0,0,0,0,0,0
F2035,1,0,0,0,0,0,0,0,0,0
F2036,0,0,0,0,0,0,1,0,0,0
F2037,1,0,0,0,0,1,1,0,0,0
F2038,1,0,0,0,0,0,1,0,0,0
F2039,1,0,0,0,0,0,0,0,0,0
F2040,0,0,1,0,0,0,0,0,0,0
F2041,1,0,0,0,0,0,0,0,0,0
F2042,0,1,0,0,0,0,0,0,0,0
F2043,1,0,0,0,0,0,0,1,0,0
F2044,1,0,0,0,0,0,0,1,0,0
F2045,0,0,1,0,0,0,0,0,0,0
F2046,0,0,1,0,0,0,0,0,0,0
F2047,0,0,1,0,0,0,0,0,0,0
F2048,0,0,1,0,0,0,0,0,0,0
F2049,0,0,0,0,0,0,1,0,1,0
F2050,0,0,0,0,0,0,1,0,0,0
F2051,0,0,0,0,0,0,1,0,1,0
F2052,0,0,0,0,0,0,1,0,0,0
F2053,1,0,0,0,0,0,1,0,0,0
F2054,0,0,0,0,0,0,1,0,0,0
F2055,1,0,0,0,0,0,0,0,0,0
F2056,1,0,0,0,0,0,0,0,0,0
F2057,1,0,0,0,0,1,0,0,0,0
F2058,1,0,0,0,0,0,0,0,0,0
F2059,1,0,0,0,0,0,1,0,0,0
F2060,1,0,0,0,0,0,1,0,0,0
F2061,1,0,0,0,0,0,1,0,0,0
F2062,0,0,0,0,0,0,1,0,0,0
F2063,1,0,0,0,0,0,0,0,0,0
F2064,1,0,0,0,0,0,0,0,0,0
F2065,1,0,0,0,0,0,0,0,0,0
F2066,1,0,0,0,0,0,0,0,0,0
F2067,1,0,0,0,0,0,0,0,0,0
F2068,1,0,0,0,0,0,0,0,0,0
F2069,1,0,0,0,0,0,0,0,0,0
F2070,1,0,0,0,0,0,1,0,0,0
F2071,1,0,0,0,0,0,1,0,0,0
F2072,1,0,0,0,0,0,0,0,0,0
F2073,1,0,0,0,0,0,0,0,0,0
F2074,1,0,0,0,0,0,0,0,0,0
F2075,1,0,0,0,0,0,0,0,0,0
F2076,1,0,0,0,0,0,0,0,0,0
F2077,1,0,0,0,0,0,0,0,0,0
F2078,1,0,0,0,0,0,0,0,0,0
F2079,1,0,0,0,0,0,0,0,0,0
F2080,1,0,0,0,0,0,0,0,0,0
F2081,1,0,0,0,0,0,0,0,0,0
F2082,1,0,0,0,0,0,0,0,0,0
F2083,1,0,0,0,0,0,0,0,0,0
F2084,1,0,0,0,0,1,0,0,0,0
F2085,1,0,0,0,0,0,0,0,0,0
F2086,1,0,0,0,0,0,0,0,0,0
F2087,1,0,0,0,0,0,0,0,0,0
F2088,1,0,0,0,0,0,0,0,0,0
F2089,1,0,0,0,0,0,0,0,0,0
F2090,1,0,0,0,0,0,0,0,0,0
F2091,1,0,0,0,0,1,1,0,0,0
F2092,1,0,0,0,0,1,1,0,0,0
F2093,1,0,0,0,0,0,0,0,0,0
F2094,1,0,0,0,0,0,0,0,0,0
F2095,1,0,0,0,0,1,0,0,0,0
F2096,1,0,0,0,0,0,0,0,0,0
F2097,1,0,0,0,0,0,0,0,0,1
F2098,1,0,0,0,0,0,0,0,0,0
F2099,1,0,0,0,0,0,0,0,0,0
F2100,0,0,0,0,1,0,0,0,0,0
F2101,1,0,0,0,0,0,0,0,0,0
F2102,1,0,0,0,0,0,0,0,0,0
F2103,1,0,0,0,0,0,0,0,0,0
F2104,1,0,0,0,0,0,0,0,0,0
F2105,1,0,0,0,0,0,0,0,0,0
F2106,1,0,0,0,0,0,0,0,0,0
F2107,1,0,0,0,0,0,0,0,0,0
F2108,1,0,0,0,0,0,0,0,0,0
F2109,1,0,0,0,0,0,1,0,0,0
F2110,1,0,0,0,0,0,0,0,0,0
F2111,1,0,0,0,0,0,0,0,0,0
F2112,1,0,0,0,0,0,0,0,0,0
F2113,1,0,0,0,0,0,0,0,0,0
F2114,1,0,0,0,0,0,0,0,0,0
F2115,1,0,0,0,0,0,0,0,0,0
F2116,1,0,0,0,0,0,1,0,0,0
F2117,1,0,0,0,0,0,0,0,0,0
F2118,0,1,0,0,0,0,0,0,0,0
F2119,1,0,1,0,0,0,1,0,0,0
F2120,1,0,0,0,0,0,1,0,0,0
F2121,1,0,0,0,1,0,0,0,0,0
F2122,1,0,0,0,0,0,1,0,0,0
F2123,1,0,0,0,0,0,1,0,0,0
F2124,1,0,0,0,0,0,1,0,0,0
F2125,1,0,0,0,0,0,0,0,0,0
F2126,1,0,0,0,0,1,1,0,1,0
F2127,1,0,0,0,0,0,0,0,0,0
F2128,1,0,0,0,0,0,0,0,0,0
F2129,1,0,0,0,0,0,0,0,0,0
F2130,1,0,0,0,0,0,0,0,0,0
F2131,1,0,0,0,0,0,0,0,0,0
F2132,1,0,0,0,0,1,0,0,0,0
F2133,1,0,0,0,0,1,0,0,1,0
F2134,1,0,1,0,0,0,0,0,0,0
F2135,1,0,0,0,0,0,1,0,0,0
F2136,1,0,0,0,0,0,0,0,0,0
F2137,1,0,0,0,0,0,0,0,0,0
F2138,1,0,0,0,0,0,1,0,1,1
F2139,1,0,0,0,0,0,0,0,0,0
F2140,1,0,0,0,0,0,0,0,0,0
F2141,1,0,0,0,0,0,0,0,1,0
F2142,1,0,0,0,0,0,1,0,1,0
F2143,1,0,0,0,0,1,0,0,0,0
F2144,1,0,0,0,0,0,0,0,0,0
F2145,1,0,0,0,0,0,0,0,0,0
F2146,1,0,0,0,0,0,0,0,0,0
F2147,1,0,0,0,0,0,1,0,0,0
F2148,1,0,0,0,0,0,1,0,0,0
F2149,1,0,0,0,0,0,0,0,0,0
F2150,1,0,0,0,0,0,0,0,0,0
F2151,1,0,0,0,0,1,0,0,0,0
F2152,1,0,0,0,0,0,0,0,0,0
F2153,1,0,0,0,0,0,0,0,0,0
F2154,1,0,0,0,0,0,0,0,0,0
F2155,1,0,0,0,0,0,1,0,0,0
F2156,1,0,0,0,0,0,1,0,0,0
F2157,0,0,0,0,0,0,1,0,0,0
F2158,1,0,0,0,0,0,0,0,0,0
F2159,1,0,0,0,0,0,0,0,0,0
F2160,1,0,0,0,0,0,0,1,0,0
F2161,1,0,0,0,0,0,1,1,0,0
F2162,1,0,0,0,0,0,1,1,0,0
F2163,1,0,0,0,0,0,0,1,0,0
F2164,1,0,0,0,0,0,1,1,0,0
F2165,1,0,0,0,0,0,0,0,0,0
F2166,1,0,0,0,0,0,0,0,0,0
F2167,1,0,0,0,0,1,0,0,0,0
F2168,1,0,0,0,0,1,0,0,0,0
F2169,1,0,0,0,0,0,0,0,0,0
F2170,1,0,0,0,0,0,0,0,0,0
F2171,1,0,0,0,0,0,0,0,0,0
F2172,1,0,0,0,0,0,0,0,0,0
F2173,1,0,0,0,0,0,0,0,0,0
F2174,1,0,0,0,0,0,1,0,0,0
F2175,1,0,0,0,0,0,0,0,0,0
F2176,1,0,0,0,0,0,0,0,0,0
F2177,1,0,0,0,0,0,0,0,0,0
F2178,1,0,0,0,0,0,0,0,0,0
F2179,1,0,0,0,0,0,0,0,0,0
F2180,1,0,0,0,0,0,0,0,0,0
F2181,1,0,0,0,0,1,1,0,0,0
F2182,1,0,0,0,1,0,1,0,0,0
F2183,0,0,0,0,1,0,1,0,0,0
F2184,1,0,0,0,0,0,0,0,0,0
F2185,1,0,0,0,0,0,1,0,0,0
F2186,1,0,0,0,1,0,1,0,1,0
F2187,1,0,0,0,0,0,0,0,1,0
F2188,1,0,0,0,1,0,0,0,0,0
F2189,0,0,1,0,0,0,0,0,0,0
F2190,1,0,0,0,0,0,1,1,1,0
F2191,1,0,0,0,0,0,0,0,0,0
F2192,1,0,0,0,0,0,0,0,0,0
F2193,1,0,0,0,0,0,0,0,0,0
F2194,1,0,0,0,0,0,0,0,0,0
F2195,1,0,0,0,0,0,0,0,0,0
F2196,1,0,0,0,0,0,0,0,0,0
F2197,1,0,0,0,0,0,0,0,0,0
F2198,1,0,0,0,0,0,0,0,0,0
F2199,1,0,0,0,0,0,0,0,0,0
F2200,1,0,0,0,0,0,0,0,0,0
F2201,1,0,0,0,0,0,0,0,0,0
F2202,1,0,0,0,0,0,0,0,0,0
F2203,1,0,0,0,0,0,0,0,0,0
F2204,1,0,0,0,0,0,0,0,0,0
F2205,1,0,0,0,0,0,0,0,0,0
F2206,1,0,0,0,0,0,0,0,0,0
F2207,1,0,0,0,0,0,0,0,0,0
F2208,1,0,0,0,0,0,0,0,0,0
F2209,1,0,0,0,0,0,0,0,0,0
F2210,1,0,0,0,0,0,0,0,0,0
F2211,1,0,0,0,0,1,0,0,0,0
F2212,1,0,0,0,0,0,0,0,0,0
F2213,1,0,0,0,0,0,0,0,0,0
F2214,1,0,0,0,0,0,0,0,0,0
F2215,1,0,0,0,0,0,0,0,0,0
F2216,1,0,0,0,0,0,0,0,0,0
F2217,1,0,0,0,0,0,0,0,0,0
F2218,1,0,0,0,0,0,0,0,0,0
F2219,1,0,0,0,0,0,0,0,0,0
F2220,1,0,0,0,0,0,1,0,0,0
F2221,1,0,0,0,0,0,0,0,0,0
F2222,1,0,0,0,0,0,0,0,0,0
F2223,1,0,0,0,0,0,0,0,0,0
F2224,1,0,0,0,0,0,0,0,0,0
F2225,1,0,0,0,0,0,0,0,0,0
F2226,1,0,0,0,0,1,1,0,0,0
F2227,1,0,0,0,0,0,1,0,0,0
F2228,1,0,0,0,0,0,1,0,0,0
F2229,1,0,0,0,0,1,1,0,0,0
F2230,1,0,0,0,0,1,1,0,0,0
F2231,1,0,0,0,0,1,1,0,1,0
F2232,1,0,0,0,0,1,1,0,1,0
F2233,1,0,0,0,0,0,0,0,0,0
F2234,1,0,0,0,0,0,1,0,0,0
F2235,1,0,0,0,0,0,0,0,0,0
F2236,1,0,0,0,1,0,1,0,0,0
F2237,1,0,0,0,1,1,1,0,0,0
F2238,1,0,0,0,0,0,0,0,0,0
F2239,1,0,0,0,0,0,0,0,0,0
F2240,1,0,0,0,1,0,0,0,0,0
F2241,1,0,0,0,0,0,0,0,0,0
F2242,1,0,0,0,0,0,0,0,0,0
F2243,1,0,0,0,0,0,0,0,0,0
F2244,1,0,0,0,0,0,0,0,0,0
F2245,0,0,0,0,0,0,1,0,0,0
F2246,1,0,0,0,0,0,0,0,0,0
F2247,1,0,0,0,0,0,0,0,0,0
F2248,1,0,0,0,0,0,0,0,0,0
F2249,1,0,0,0,0,0,1,0,0,0
F2250,0,0,0,0,0,0,1,0,0,0
F2251,1,0,0,0,0,0,0,0,0,0
F2252,1,0,0,0,0,0,0,0,0,0
F2253,1,0,0,0,0,0,0,0,0,0
F2254,1,0,0,0,0,0,1,0,0,0
F2255,1,0,0,0,0,0,0,0,0,0
F2256,1,0,0,0,0,0,0,0,0,0
F2257,1,0,0,0,0,1,1,0,1,0
F2258,1,0,0,0,0,0,1,0,0,0
F2259,0,0,0,0,0,0,1,0,0,0
F2260,1,0,0,0,0,0,0,0,0,0
F2261,1,0,0,0,0,0,0,0,0,0
F2262,1,0,0,0,0,0,0,0,0,0
F2263,1,0,0,0,0,0,0,0,0,0
F2264,1,0,0,0,0,1,1,0,0,0
F2265,0,0,0,0,0,0,1,0,0,0
F2266,1,0,0,0,0,0,0,0,0,0
F2267,1,0,0,0,0,0,0,0,0,0
F2268,1,0,0,0,0,0,0,0,0,0
F2269,1,0,0,0,0,1,1,0,0,0
F2270,1,0,0,0,0,1,1,0,0,0
F2271,1,0,0,0,0,1,0,0,0,0
F2272,1,0,0,0,0,0,0,0,0,0
F2273,0,0,0,0,0,0,1,0,0,0
F2274,1,0,0,0,0,0,0,0,0,0
F2275,1,0,0,0,0,0,0,0,0,0
F2276,1,1,0,0,0,1,0,0,0,0
F2277,1,0,0,0,0,0,0,0,0,0
F2278,1,0,0,0,0,1,0,0,0,0
F2279,1,0,0,0,0,0,0,0,0,0
F2280,1,0,0,0,0,0,0,0,0,0
F2281,1,0,0,0,0,0,0,0,0,0
F2282,1,0,0,0,0,0,0,0,0,0
F2283,1,0,0,0,0,1,0,1,0,0
F2284,1,0,0,0,0,0,0,0,0,0
F2285,1,0,0,0,0,0,0,0,0,0
F2286,0,1,0,0,0,0,0,0,0,0
F2287,1,0,0,0,0,0,0,0,0,0
F2288,1,0,0,0,0,0,0,0,0,0
F2289,1,0,0,0,0,0,0,0,0,0
F2290,1,0,0,0,1,0,1,0,0,0
F2291,1,0,0,0,1,0,0,0,0,0
F2292,1,0,0,0,1,1,1,0,1,0
F2293,1,0,0,0,0,0,0,0,0,0
F2294,1,0,0,0,0,0,0,0,0,1
F2295,1,0,0,0,0,0,0,1,0,0
F2296,0,1,0,0,0,0,0,0,0,0
F2297,1,0,0,0,0,0,0,0,0,0
F2298,1,0,0,0,0,0,0,0,0,0
F2299,1,0,0,0,0,1,1,0,1,0
F2300,1,0,0,0,1,0,1,0,1,0
F2301,1,0,0,0,0,0,0,0,0,0
F2302,1,0,0,0,0,0,0,0,0,0
F2303,1,0,0,0,0,0,0,0,0,0
F2304,0,0,0,0,0,0,1,0,0,0
F2305,0,0,0,0,0,0,1,0,0,0
F2306,1,0,0,0,1,1,1,0,1,0
F2307,1,0,0,0,0,0,0,0,0,0
F2308,1,0,0,0,0,1,1,0,1,0
F2309,1,0,0,0,0,0,0,0,0,0
F2310,1,0,0,0,1,0,0,0,0,0
F2311,1,0,0,0,0,0,1,0,0,0
F2312,0,0,1,0,0,0,0,0,0,0
F2313,1,0,0,0,0,0,0,0,0,0
F2314,0,0,1,0,0,0,0,0,0,0
F2315,0,0,1,0,0,0,0,0,0,0
F2316,0,0,1,0,0,0,0,0,0,0
F2317,0,0,1,0,0,0,0,0,0,0
F2318,1,0,0,0,0,0,1,0,1,0
F2319,0,0,0,0,0,0,1,0,0,0
F2320,1,0,0,0,0,0,0,0,0,0
F2321,1,0,0,0,0,0,0,0,0,0
F2322,1,0,0,0,0,0,0,0,0,0
F2323,1,0,0,0,0,0,1,0,1,0
F2324,1,0,0,0,0,0,1,0,0,0
F2325,1,0,0,0,0,0,1,0,0,0
F2326,1,0,0,0,0,0,1,0,0,0
F2327,1,0,0,0,0,0,1,0,0,0
F2328,0,0,0,0,0,0,1,0,0,0
F2329,1,0,0,0,0,0,0,0,0,0
F2330,1,0,0,0,0,0,0,0,0,0
F2331,1,0,0,0,0,0,0,0,0,0
F2332,1,0,0,0,1,0,1,0,0,0
F2333,1,0,0,0,0,0,0,0,0,0
F2334,1,0,0,0,0,0,0,0,0,0
F2335,1,0,0,0,0,0,0,0,0,0
F2336,1,0,0,0,0,0,0,0,0,0
F2337,1,0,0,0,0,0,0,0,0,0
F2338,1,0,0,0,0,0,0,0,0,0
F2339,1,0,0,0,0,0,0,0,0,0
F2340,1,0,0,0,0,0,0,0,0,0
F2341,1,0,0,0,0,0,0,0,0,0
F2342,1,0,0,0,0,0,0,0,0,0
F2343,1,0,0,0,0,0,0,0,0,0
F2344,1,0,0,0,0,0,0,0,0,0
F2345,1,0,0,0,0,0,0,0,0,0
F2346,1,0,0,0,0,0,0,0,0,0
F2347,1,0,0,0,0,0,0,0,0,0
F2348,1,0,0,0,0,0,1,0,1,0
F2349,1,0,0,0,0,0,0,0,0,0
F2350,1,0,0,0,0,0,1,0,0,0
F2351,1,0,0,0,0,0,1,1,0,0
F2352,1,0,0,0,0,0,1,0,0,0
F2353,1,0,0,0,0,0,1,0,0,0
F2354,1,0,0,0,0,0,1,0,0,0
F2355,1,0,0,0,0,1,0,0,0,0
F2356,1,0,0,0,0,1,0,0,0,0
F2357,1,0,0,0,0,0,0,0,0,0
F2358,1,0,0,0,0,0,1,0,0,0
F2359,1,0,0,0,0,0,1,0,0,0
F2360,1,0,0,0,0,0,0,0,0,0
F2361,1,0,0,0,0,0,0,0,0,0
F2362,1,0,0,0,0,0,1,0,0,0
F2363,1,0,0,0,0,0,1,0,0,0
F2364,1,0,0,0,0,0,1,0,0,0
F2365,1,0,0,0,0,0,0,0,0,0
F2366,1,0,0,0,0,0,0,0,0,0
F2367,1,0,0,0,0,0,0,0,0,0
F2368,1,0,0,0,0,0,0,0,0,0
F2369,1,0,0,0,0,0,0,0,0,0
F2370,1,0,0,0,0,0,0,0,0,0
F2371,1,0,0,0,0,0,1,0,0,0
F2372,1,0,0,0,0,0,0,0,0,0
F2373,1,0,0,0,0,0,0,0,0,0
F2374,1,0,0,0,0,0,0,0,0,0
F2375,1,0,0,0,1,1,1,0,1,0
F2376,1,0,0,0,0,0,0,0,0,0
F2377,1,0,0,0,0,0,0,0,0,0
F2378,1,0,0,0,0,0,1,0,0,0
F2379,1,0,0,0,0,0,0,0,0,0
F2380,1,0,0,0,0,0,1,0,0,0
F2381,1,0,0,0,0,0,0,0,0,0
F2382,1,0,0,0,0,0,0,0,0,0
F2383,1,0,0,0,0,1,0,0,0,0
F2384,1,0,0,0,0,0,0,0,0,0
F2385,1,0,0,0,0,0,0,0,0,0
F2386,1,0,0,0,0,0,0,0,0,0
F2387,1,0,0,0,0,0,0,0,0,0
F2388,1,0,0,0,0,0,0,0,0,0
F2389,1,0,0,0,0,0,1,1,0,0
F2390,1,0,0,0,0,0,0,0,0,0
F2391,1,0,0,0,0,0,0,0,0,0
F2392,1,0,0,0,0,0,0,0,0,0
F2393,1,0,0,0,0,0,0,0,0,0
F2394,1,0,0,0,0,0,0,0,0,0
F2395,1,0,0,0,0,0,1,0,0,0
F2396,1,0,0,0,0,0,1,0,0,0
F2397,1,0,0,0,0,1,1,0,0,0
F2398,1,0,0,0,0,1,0,0,0,0
F2399,1,0,0,0,0,0,1,0,0,0
F2400,1,0,0,0,0,0,0,0,0,0
F2401,1,0,0,0,0,0,0,0,0,0
F2402,1,0,0,0,1,0,0,0,0,0
F2403,1,0,0,0,1,0,0,0,0,0
F2404,1,0,0,0,0,1,1,0,0,0
F2405,1,0,0,0,0,0,0,0,0,0
F2406,1,0,0,0,0,0,0,0,0,0
F2407,1,0,0,0,0,0,0,0,0,0
F2408,1,0,0,0,0,1,1,0,0,0
F2409,1,0,0,0,0,0,0,0,0,0
F2410,1,0,0,0,0,0,0,0,0,0
F2411,1,0,0,0,0,0,0,0,0,0
F2412,1,1,0,0,0,0,0,0,0,0
F2413,1,0,0,0,0,0,0,0,0,0
F2414,1,0,0,0,0,0,0,0,0,0
F2415,1,0,0,0,0,0,1,0,0,0
F2416,1,0,0,0,0,1,1,0,1,0
F2417,1,0,0,0,0,1,1,0,0,0
F2418,1,0,0,0,0,0,0,0,0,0
F2419,1,0,0,0,0,0,0,0,0,0
F2420,1,0,0,0,0,0,0,0,0,0
F2421,1,0,0,0,0,0,0,0,0,0
F2422,1,0,0,0,0,0,0,0,0,0
F2423,1,0,0,0,0,1,1,0,1,0
F2424,1,0,0,0,0,0,0,0,0,0
F2425,1,0,0,0,0,0,0,0,0,0
F2426,1,0,0,0,0,0,1,0,0,0
F2427,1,0,0,0,0,0,0,0,0,0
F2428,1,1,1,0,1,0,0,0,0,0
F2429,1,0,0,0,0,0,0,1,0,0
F2430,0,0,0,0,0,0,1,0,0,0
F2431,0,0,0,0,0,0,1,0,0,0
F2432,1,0,0,0,0,0,0,0,0,0
F2433,1,0,0,0,0,0,0,0,0,0
F2434,1,0,0,0,0,0,1,0,0,0
F2435,1,0,0,0,0,0,1,0,0,0
F2436,1,0,0,0,0,0,0,0,0,0
F2437,0,0,0,0,0,0,1,0,0,0
F2438,0,0,0,0,0,0,1,0,0,0
F2439,0,0,0,0,0,0,1,0,0,0
F2440,0,0,0,0,0,0,1,0,0,0
F2441,0,0,0,0,0,0,1,0,0,0
F2442,0,0,0,0,0,0,1,0,0,0
F2443,0,0,0,0,0,0,1,0,0,0
F2444,0,0,0,0,0,0,1,0,0,0
F2445,1,0,0,0,0,0,1,0,0,0
F2446,1,0,0,0,0,0,0,0,0,0
F2447,1,0,0,0,0,0,0,0,0,0
F2448,0,0,0,0,1,0,0,0,0,0
F2449,1,0,0,0,1,0,1,0,0,0
F2450,1,0,0,0,1,1,1,0,0,0
F2451,1,0,1,0,0,0,1,0,0,0
F2452,1,0,1,0,0,0,1,0,0,0
F2453,1,0,0,0,1,0,1,0,0,0
F2454,1,0,0,0,1,0,1,0,0,0
F2455,1,0,0,0,0,1,1,0,0,0